season,player_name,player_id,position,nfl_team,age,source_class,confidence,source_detail,roster_id,manager_name,observed_drop_date,inferred_cut_window,prior_roster_source,later_available_source,draft_year_context,prior_year_points,prior_year_pos_rank,market_value_if_available,proxy_cut_score,proxy_cut_reason,notes
2010,Baltimore Ravens DEF,proxy_2010_001,DEF,BAL,,PROXY_DROP,PROXY_ONLY,Synthetic proxy generated from era-plausible veteran roster-bubble universe; not an observed LVE cut.,,,,2010 preseason/draft cut window proxy,,,2010 proxy stress-test context,18,37,,77,replaceable position in keeper format; low prior-year proxy production,"PROXY ONLY. Use for stress testing/backtesting shape, never as historical truth."
2010,Beanie Wells,proxy_2010_020,RB,ARI,22,PROXY_DROP,PROXY_ONLY,Synthetic proxy generated from era-plausible veteran roster-bubble universe; not an observed LVE cut.,,,,2010 preseason/draft cut window proxy,,,2010 proxy stress-test context,85,68,,60,low prior-year proxy production,"PROXY ONLY. Use for stress testing/backtesting shape, never as historical truth."
2010,Brandon Jacobs,proxy_2010_021,RB,NYG,28,PROXY_DROP,PROXY_ONLY,Synthetic proxy generated from era-plausible veteran roster-bubble universe; not an observed LVE cut.,,,,2010 preseason/draft cut window proxy,,,2010 proxy stress-test context,74,43,,58,age/decline pressure; low prior-year proxy production,"PROXY ONLY. Use for stress testing/backtesting shape, never as historical truth."
2010,Braylon Edwards,proxy_2010_038,WR,NYJ,27,PROXY_DROP,PROXY_ONLY,Synthetic proxy generated from era-plausible veteran roster-bubble universe; not an observed LVE cut.,,,,2010 preseason/draft cut window proxy,,,2010 proxy stress-test context,127,82,,55,bench bubble profile under 10-team keeper constraints,"PROXY ONLY. Use for stress testing/backtesting shape, never as historical truth."
2010,Chad Henne,proxy_2010_011,QB,MIA,25,PROXY_DROP,PROXY_ONLY,Synthetic proxy generated from era-plausible veteran roster-bubble universe; not an observed LVE cut.,,,,2010 preseason/draft cut window proxy,,,2010 proxy stress-test context,64,45,,72,backup/fringe QB in 1QB format; low prior-year proxy production,"PROXY ONLY. Use for stress testing/backtesting shape, never as historical truth."
2010,Chicago Bears DEF,proxy_2010_002,DEF,CHI,,PROXY_DROP,PROXY_ONLY,Synthetic proxy generated from era-plausible veteran roster-bubble universe; not an observed LVE cut.,,,,2010 preseason/draft cut window proxy,,,2010 proxy stress-test context,18,12,,65,replaceable position in keeper format; low prior-year proxy production,"PROXY ONLY. Use for stress testing/backtesting shape, never as historical truth."
2010,Chris Cooley,proxy_2010_033,TE,WAS,28,PROXY_DROP,PROXY_ONLY,Synthetic proxy generated from era-plausible veteran roster-bubble universe; not an observed LVE cut.,,,,2010 preseason/draft cut window proxy,,,2010 proxy stress-test context,62,25,,59,low prior-year proxy production,"PROXY ONLY. Use for stress testing/backtesting shape, never as historical truth."
2010,Clinton Portis,proxy_2010_022,RB,WAS,29,PROXY_DROP,PROXY_ONLY,Synthetic proxy generated from era-plausible veteran roster-bubble universe; not an observed LVE cut.,,,,2010 preseason/draft cut window proxy,,,2010 proxy stress-test context,63,46,,60,age/decline pressure; low prior-year proxy production,"PROXY ONLY. Use for stress testing/backtesting shape, never as historical truth."
2010,David Garrard,proxy_2010_012,QB,JAC,32,PROXY_DROP,PROXY_ONLY,Synthetic proxy generated from era-plausible veteran roster-bubble universe; not an observed LVE cut.,,,,2010 preseason/draft cut window proxy,,,2010 proxy stress-test context,53,20,,60,backup/fringe QB in 1QB format; low prior-year proxy production,"PROXY ONLY. Use for stress testing/backtesting shape, never as historical truth."
2010,Denver Broncos DEF,proxy_2010_003,DEF,DEN,,PROXY_DROP,PROXY_ONLY,Synthetic proxy generated from era-plausible veteran roster-bubble universe; not an observed LVE cut.,,,,2010 preseason/draft cut window proxy,,,2010 proxy stress-test context,107,15,,61,replaceable position in keeper format,"PROXY ONLY. Use for stress testing/backtesting shape, never as historical truth."
2010,Donald Driver,proxy_2010_039,WR,GB,35,PROXY_DROP,PROXY_ONLY,Synthetic proxy generated from era-plausible veteran roster-bubble universe; not an observed LVE cut.,,,,2010 preseason/draft cut window proxy,,,2010 proxy stress-test context,116,85,,72,age/decline pressure,"PROXY ONLY. Use for stress testing/backtesting shape, never as historical truth."
2010,Dustin Keller,proxy_2010_034,TE,NYJ,26,PROXY_DROP,PROXY_ONLY,Synthetic proxy generated from era-plausible veteran roster-bubble universe; not an observed LVE cut.,,,,2010 preseason/draft cut window proxy,,,2010 proxy stress-test context,51,28,,61,low prior-year proxy production,"PROXY ONLY. Use for stress testing/backtesting shape, never as historical truth."
2010,Felix Jones,proxy_2010_023,RB,DAL,23,PROXY_DROP,PROXY_ONLY,Synthetic proxy generated from era-plausible veteran roster-bubble universe; not an observed LVE cut.,,,,2010 preseason/draft cut window proxy,,,2010 proxy stress-test context,52,49,,56,low prior-year proxy production,"PROXY ONLY. Use for stress testing/backtesting shape, never as historical truth."
2010,Jason Campbell,proxy_2010_013,QB,OAK,29,PROXY_DROP,PROXY_ONLY,Synthetic proxy generated from era-plausible veteran roster-bubble universe; not an observed LVE cut.,,,,2010 preseason/draft cut window proxy,,,2010 proxy stress-test context,42,23,,61,backup/fringe QB in 1QB format; low prior-year proxy production,"PROXY ONLY. Use for stress testing/backtesting shape, never as historical truth."
2010,Jeremy Shockey,proxy_2010_035,TE,NO,30,PROXY_DROP,PROXY_ONLY,Synthetic proxy generated from era-plausible veteran roster-bubble universe; not an observed LVE cut.,,,,2010 preseason/draft cut window proxy,,,2010 proxy stress-test context,40,31,,62,low prior-year proxy production,"PROXY ONLY. Use for stress testing/backtesting shape, never as historical truth."
2010,Jerricho Cotchery,proxy_2010_040,WR,NYJ,28,PROXY_DROP,PROXY_ONLY,Synthetic proxy generated from era-plausible veteran roster-bubble universe; not an observed LVE cut.,,,,2010 preseason/draft cut window proxy,,,2010 proxy stress-test context,105,60,,48,bench bubble profile under 10-team keeper constraints,"PROXY ONLY. Use for stress testing/backtesting shape, never as historical truth."
2010,Joseph Addai,proxy_2010_024,RB,IND,27,PROXY_DROP,PROXY_ONLY,Synthetic proxy generated from era-plausible veteran roster-bubble universe; not an observed LVE cut.,,,,2010 preseason/draft cut window proxy,,,2010 proxy stress-test context,41,52,,59,low prior-year proxy production,"PROXY ONLY. Use for stress testing/backtesting shape, never as historical truth."
2010,Kyle Orton,proxy_2010_014,QB,DEN,28,PROXY_DROP,PROXY_ONLY,Synthetic proxy generated from era-plausible veteran roster-bubble universe; not an observed LVE cut.,,,,2010 preseason/draft cut window proxy,,,2010 proxy stress-test context,151,26,,54,backup/fringe QB in 1QB format,"PROXY ONLY. Use for stress testing/backtesting shape, never as historical truth."
2010,Larry Johnson,proxy_2010_025,RB,WAS,31,PROXY_DROP,PROXY_ONLY,Synthetic proxy generated from era-plausible veteran roster-bubble universe; not an observed LVE cut.,,,,2010 preseason/draft cut window proxy,,,2010 proxy stress-test context,150,55,,60,age/decline pressure,"PROXY ONLY. Use for stress testing/backtesting shape, never as historical truth."
2010,Marion Barber,proxy_2010_026,RB,DAL,27,PROXY_DROP,PROXY_ONLY,Synthetic proxy generated from era-plausible veteran roster-bubble universe; not an observed LVE cut.,,,,2010 preseason/draft cut window proxy,,,2010 proxy stress-test context,139,58,,53,bench bubble profile under 10-team keeper constraints,"PROXY ONLY. Use for stress testing/backtesting shape, never as historical truth."
2010,Mark Sanchez,proxy_2010_015,QB,NYJ,24,PROXY_DROP,PROXY_ONLY,Synthetic proxy generated from era-plausible veteran roster-bubble universe; not an observed LVE cut.,,,,2010 preseason/draft cut window proxy,,,2010 proxy stress-test context,140,29,,55,backup/fringe QB in 1QB format,"PROXY ONLY. Use for stress testing/backtesting shape, never as historical truth."
2010,Mason Crosby,proxy_2010_007,K,GB,26,PROXY_DROP,PROXY_ONLY,Synthetic proxy generated from era-plausible veteran roster-bubble universe; not an observed LVE cut.,,,,2010 preseason/draft cut window proxy,,,2010 proxy stress-test context,63,27,,74,replaceable position in keeper format; low prior-year proxy production,"PROXY ONLY. Use for stress testing/backtesting shape, never as historical truth."
2010,Matt Cassel,proxy_2010_016,QB,KC,28,PROXY_DROP,PROXY_ONLY,Synthetic proxy generated from era-plausible veteran roster-bubble universe; not an observed LVE cut.,,,,2010 preseason/draft cut window proxy,,,2010 proxy stress-test context,129,32,,57,backup/fringe QB in 1QB format,"PROXY ONLY. Use for stress testing/backtesting shape, never as historical truth."
2010,Matt Hasselbeck,proxy_2010_017,QB,TEN,35,PROXY_DROP,PROXY_ONLY,Synthetic proxy generated from era-plausible veteran roster-bubble universe; not an observed LVE cut.,,,,2010 preseason/draft cut window proxy,,,2010 proxy stress-test context,118,35,,68,backup/fringe QB in 1QB format,"PROXY ONLY. Use for stress testing/backtesting shape, never as historical truth."
2010,Michael Bush,proxy_2010_027,RB,OAK,26,PROXY_DROP,PROXY_ONLY,Synthetic proxy generated from era-plausible veteran roster-bubble universe; not an observed LVE cut.,,,,2010 preseason/draft cut window proxy,,,2010 proxy stress-test context,128,61,,53,bench bubble profile under 10-team keeper constraints,"PROXY ONLY. Use for stress testing/backtesting shape, never as historical truth."
2010,Minnesota Vikings DEF,proxy_2010_004,DEF,MIN,,PROXY_DROP,PROXY_ONLY,Synthetic proxy generated from era-plausible veteran roster-bubble universe; not an observed LVE cut.,,,,2010 preseason/draft cut window proxy,,,2010 proxy stress-test context,96,18,,63,replaceable position in keeper format,"PROXY ONLY. Use for stress testing/backtesting shape, never as historical truth."
2010,New York Jets DEF,proxy_2010_005,DEF,NYJ,,PROXY_DROP,PROXY_ONLY,Synthetic proxy generated from era-plausible veteran roster-bubble universe; not an observed LVE cut.,,,,2010 preseason/draft cut window proxy,,,2010 proxy stress-test context,85,21,,64,replaceable position in keeper format; low prior-year proxy production,"PROXY ONLY. Use for stress testing/backtesting shape, never as historical truth."
2010,Owen Daniels,proxy_2010_036,TE,HOU,28,PROXY_DROP,PROXY_ONLY,Synthetic proxy generated from era-plausible veteran roster-bubble universe; not an observed LVE cut.,,,,2010 preseason/draft cut window proxy,,,2010 proxy stress-test context,149,34,,55,bench bubble profile under 10-team keeper constraints,"PROXY ONLY. Use for stress testing/backtesting shape, never as historical truth."
2010,Peyton Hillis,proxy_2010_028,RB,CLE,24,PROXY_DROP,PROXY_ONLY,Synthetic proxy generated from era-plausible veteran roster-bubble universe; not an observed LVE cut.,,,,2010 preseason/draft cut window proxy,,,2010 proxy stress-test context,117,64,,58,bench bubble profile under 10-team keeper constraints,"PROXY ONLY. Use for stress testing/backtesting shape, never as historical truth."
2010,Pittsburgh Steelers DEF,proxy_2010_006,DEF,PIT,,PROXY_DROP,PROXY_ONLY,Synthetic proxy generated from era-plausible veteran roster-bubble universe; not an observed LVE cut.,,,,2010 preseason/draft cut window proxy,,,2010 proxy stress-test context,74,24,,71,replaceable position in keeper format; low prior-year proxy production,"PROXY ONLY. Use for stress testing/backtesting shape, never as historical truth."
2010,Ricky Williams,proxy_2010_029,RB,MIA,33,PROXY_DROP,PROXY_ONLY,Synthetic proxy generated from era-plausible veteran roster-bubble universe; not an observed LVE cut.,,,,2010 preseason/draft cut window proxy,,,2010 proxy stress-test context,106,67,,74,age/decline pressure,"PROXY ONLY. Use for stress testing/backtesting shape, never as historical truth."
2010,Robbie Gould,proxy_2010_008,K,CHI,28,PROXY_DROP,PROXY_ONLY,Synthetic proxy generated from era-plausible veteran roster-bubble universe; not an observed LVE cut.,,,,2010 preseason/draft cut window proxy,,,2010 proxy stress-test context,52,30,,76,replaceable position in keeper format; low prior-year proxy production,"PROXY ONLY. Use for stress testing/backtesting shape, never as historical truth."
2010,Ryan Fitzpatrick,proxy_2010_018,QB,BUF,28,PROXY_DROP,PROXY_ONLY,Synthetic proxy generated from era-plausible veteran roster-bubble universe; not an observed LVE cut.,,,,2010 preseason/draft cut window proxy,,,2010 proxy stress-test context,107,38,,64,backup/fringe QB in 1QB format,"PROXY ONLY. Use for stress testing/backtesting shape, never as historical truth."
2010,Sebastian Janikowski,proxy_2010_009,K,OAK,32,PROXY_DROP,PROXY_ONLY,Synthetic proxy generated from era-plausible veteran roster-bubble universe; not an observed LVE cut.,,,,2010 preseason/draft cut window proxy,,,2010 proxy stress-test context,41,33,,77,replaceable position in keeper format; low prior-year proxy production,"PROXY ONLY. Use for stress testing/backtesting shape, never as historical truth."
2010,Stephen Gostkowski,proxy_2010_010,K,NE,26,PROXY_DROP,PROXY_ONLY,Synthetic proxy generated from era-plausible veteran roster-bubble universe; not an observed LVE cut.,,,,2010 preseason/draft cut window proxy,,,2010 proxy stress-test context,30,36,,79,replaceable position in keeper format; low prior-year proxy production,"PROXY ONLY. Use for stress testing/backtesting shape, never as historical truth."
2010,Thomas Jones,proxy_2010_030,RB,KC,32,PROXY_DROP,PROXY_ONLY,Synthetic proxy generated from era-plausible veteran roster-bubble universe; not an observed LVE cut.,,,,2010 preseason/draft cut window proxy,,,2010 proxy stress-test context,95,42,,61,age/decline pressure,"PROXY ONLY. Use for stress testing/backtesting shape, never as historical truth."
2010,Tim Hightower,proxy_2010_031,RB,ARI,24,PROXY_DROP,PROXY_ONLY,Synthetic proxy generated from era-plausible veteran roster-bubble universe; not an observed LVE cut.,,,,2010 preseason/draft cut window proxy,,,2010 proxy stress-test context,84,45,,49,low prior-year proxy production,"PROXY ONLY. Use for stress testing/backtesting shape, never as historical truth."
2010,Todd Heap,proxy_2010_037,TE,BAL,30,PROXY_DROP,PROXY_ONLY,Synthetic proxy generated from era-plausible veteran roster-bubble universe; not an observed LVE cut.,,,,2010 preseason/draft cut window proxy,,,2010 proxy stress-test context,138,37,,56,bench bubble profile under 10-team keeper constraints,"PROXY ONLY. Use for stress testing/backtesting shape, never as historical truth."
2010,Vince Young,proxy_2010_019,QB,TEN,27,PROXY_DROP,PROXY_ONLY,Synthetic proxy generated from era-plausible veteran roster-bubble universe; not an observed LVE cut.,,,,2010 preseason/draft cut window proxy,,,2010 proxy stress-test context,96,41,,65,backup/fringe QB in 1QB format,"PROXY ONLY. Use for stress testing/backtesting shape, never as historical truth."
2010,Willis McGahee,proxy_2010_032,RB,BAL,29,PROXY_DROP,PROXY_ONLY,Synthetic proxy generated from era-plausible veteran roster-bubble universe; not an observed LVE cut.,,,,2010 preseason/draft cut window proxy,,,2010 proxy stress-test context,73,48,,61,age/decline pressure; low prior-year proxy production,"PROXY ONLY. Use for stress testing/backtesting shape, never as historical truth."
2011,Beanie Wells,proxy_2011_020,RB,ARI,23,PROXY_DROP,PROXY_ONLY,Synthetic proxy generated from era-plausible veteran roster-bubble universe; not an observed LVE cut.,,,,2011 preseason/draft cut window proxy,,,2011 proxy stress-test context,84,69,,61,low prior-year proxy production,"PROXY ONLY. Use for stress testing/backtesting shape, never as historical truth."
2011,Ben Tate,proxy_2011_021,RB,HOU,24,PROXY_DROP,PROXY_ONLY,Synthetic proxy generated from era-plausible veteran roster-bubble universe; not an observed LVE cut.,,,,2011 preseason/draft cut window proxy,,,2011 proxy stress-test context,73,44,,54,low prior-year proxy production,"PROXY ONLY. Use for stress testing/backtesting shape, never as historical truth."
2011,BenJarvus Green-Ellis,proxy_2011_022,RB,NE,26,PROXY_DROP,PROXY_ONLY,Synthetic proxy generated from era-plausible veteran roster-bubble universe; not an observed LVE cut.,,,,2011 preseason/draft cut window proxy,,,2011 proxy stress-test context,62,47,,55,low prior-year proxy production,"PROXY ONLY. Use for stress testing/backtesting shape, never as historical truth."
2011,Brandon Jacobs,proxy_2011_023,RB,NYG,29,PROXY_DROP,PROXY_ONLY,Synthetic proxy generated from era-plausible veteran roster-bubble universe; not an observed LVE cut.,,,,2011 preseason/draft cut window proxy,,,2011 proxy stress-test context,51,50,,62,age/decline pressure; low prior-year proxy production,"PROXY ONLY. Use for stress testing/backtesting shape, never as historical truth."
2011,Brandon Pettigrew,proxy_2011_034,TE,DET,26,PROXY_DROP,PROXY_ONLY,Synthetic proxy generated from era-plausible veteran roster-bubble universe; not an observed LVE cut.,,,,2011 preseason/draft cut window proxy,,,2011 proxy stress-test context,50,29,,61,low prior-year proxy production,"PROXY ONLY. Use for stress testing/backtesting shape, never as historical truth."
2011,Chad Henne,proxy_2011_007,QB,MIA,26,PROXY_DROP,PROXY_ONLY,Synthetic proxy generated from era-plausible veteran roster-bubble universe; not an observed LVE cut.,,,,2011 preseason/draft cut window proxy,,,2011 proxy stress-test context,107,34,,62,backup/fringe QB in 1QB format,"PROXY ONLY. Use for stress testing/backtesting shape, never as historical truth."
2011,Chris Cooley,proxy_2011_035,TE,WAS,29,PROXY_DROP,PROXY_ONLY,Synthetic proxy generated from era-plausible veteran roster-bubble universe; not an observed LVE cut.,,,,2011 preseason/draft cut window proxy,,,2011 proxy stress-test context,39,32,,63,low prior-year proxy production,"PROXY ONLY. Use for stress testing/backtesting shape, never as historical truth."
2011,David Garrard,proxy_2011_008,QB,JAC,33,PROXY_DROP,PROXY_ONLY,Synthetic proxy generated from era-plausible veteran roster-bubble universe; not an observed LVE cut.,,,,2011 preseason/draft cut window proxy,,,2011 proxy stress-test context,96,37,,65,backup/fringe QB in 1QB format,"PROXY ONLY. Use for stress testing/backtesting shape, never as historical truth."
2011,Dustin Keller,proxy_2011_036,TE,NYJ,27,PROXY_DROP,PROXY_ONLY,Synthetic proxy generated from era-plausible veteran roster-bubble universe; not an observed LVE cut.,,,,2011 preseason/draft cut window proxy,,,2011 proxy stress-test context,148,35,,55,bench bubble profile under 10-team keeper constraints,"PROXY ONLY. Use for stress testing/backtesting shape, never as historical truth."
2011,Felix Jones,proxy_2011_024,RB,DAL,24,PROXY_DROP,PROXY_ONLY,Synthetic proxy generated from era-plausible veteran roster-bubble universe; not an observed LVE cut.,,,,2011 preseason/draft cut window proxy,,,2011 proxy stress-test context,40,53,,58,low prior-year proxy production,"PROXY ONLY. Use for stress testing/backtesting shape, never as historical truth."
2011,Fred Davis,proxy_2011_037,TE,WAS,25,PROXY_DROP,PROXY_ONLY,Synthetic proxy generated from era-plausible veteran roster-bubble universe; not an observed LVE cut.,,,,2011 preseason/draft cut window proxy,,,2011 proxy stress-test context,137,38,,57,bench bubble profile under 10-team keeper constraints,"PROXY ONLY. Use for stress testing/backtesting shape, never as historical truth."
2011,Jason Campbell,proxy_2011_009,QB,OAK,30,PROXY_DROP,PROXY_ONLY,Synthetic proxy generated from era-plausible veteran roster-bubble universe; not an observed LVE cut.,,,,2011 preseason/draft cut window proxy,,,2011 proxy stress-test context,85,40,,65,backup/fringe QB in 1QB format; low prior-year proxy production,"PROXY ONLY. Use for stress testing/backtesting shape, never as historical truth."
2011,Jeremy Shockey,proxy_2011_038,TE,NO,31,PROXY_DROP,PROXY_ONLY,Synthetic proxy generated from era-plausible veteran roster-bubble universe; not an observed LVE cut.,,,,2011 preseason/draft cut window proxy,,,2011 proxy stress-test context,126,41,,60,age/decline pressure,"PROXY ONLY. Use for stress testing/backtesting shape, never as historical truth."
2011,Jermichael Finley,proxy_2011_039,TE,GB,24,PROXY_DROP,PROXY_ONLY,Synthetic proxy generated from era-plausible veteran roster-bubble universe; not an observed LVE cut.,,,,2011 preseason/draft cut window proxy,,,2011 proxy stress-test context,115,16,,51,bench bubble profile under 10-team keeper constraints,"PROXY ONLY. Use for stress testing/backtesting shape, never as historical truth."
2011,Joseph Addai,proxy_2011_025,RB,IND,28,PROXY_DROP,PROXY_ONLY,Synthetic proxy generated from era-plausible veteran roster-bubble universe; not an observed LVE cut.,,,,2011 preseason/draft cut window proxy,,,2011 proxy stress-test context,149,56,,54,age/decline pressure,"PROXY ONLY. Use for stress testing/backtesting shape, never as historical truth."
2011,Josh Freeman,proxy_2011_010,QB,TB,23,PROXY_DROP,PROXY_ONLY,Synthetic proxy generated from era-plausible veteran roster-bubble universe; not an observed LVE cut.,,,,2011 preseason/draft cut window proxy,,,2011 proxy stress-test context,74,43,,71,backup/fringe QB in 1QB format; low prior-year proxy production,"PROXY ONLY. Use for stress testing/backtesting shape, never as historical truth."
2011,Kyle Orton,proxy_2011_011,QB,DEN,29,PROXY_DROP,PROXY_ONLY,Synthetic proxy generated from era-plausible veteran roster-bubble universe; not an observed LVE cut.,,,,2011 preseason/draft cut window proxy,,,2011 proxy stress-test context,63,18,,59,backup/fringe QB in 1QB format; low prior-year proxy production,"PROXY ONLY. Use for stress testing/backtesting shape, never as historical truth."
2011,Marion Barber,proxy_2011_026,RB,DAL,28,PROXY_DROP,PROXY_ONLY,Synthetic proxy generated from era-plausible veteran roster-bubble universe; not an observed LVE cut.,,,,2011 preseason/draft cut window proxy,,,2011 proxy stress-test context,138,59,,56,age/decline pressure,"PROXY ONLY. Use for stress testing/backtesting shape, never as historical truth."
2011,Mark Sanchez,proxy_2011_012,QB,NYJ,25,PROXY_DROP,PROXY_ONLY,Synthetic proxy generated from era-plausible veteran roster-bubble universe; not an observed LVE cut.,,,,2011 preseason/draft cut window proxy,,,2011 proxy stress-test context,52,21,,60,backup/fringe QB in 1QB format; low prior-year proxy production,"PROXY ONLY. Use for stress testing/backtesting shape, never as historical truth."
2011,Mason Crosby,proxy_2011_001,K,GB,27,PROXY_DROP,PROXY_ONLY,Synthetic proxy generated from era-plausible veteran roster-bubble universe; not an observed LVE cut.,,,,2011 preseason/draft cut window proxy,,,2011 proxy stress-test context,18,38,,80,replaceable position in keeper format; low prior-year proxy production,"PROXY ONLY. Use for stress testing/backtesting shape, never as historical truth."
2011,Matt Bryant,proxy_2011_002,K,ATL,36,PROXY_DROP,PROXY_ONLY,Synthetic proxy generated from era-plausible veteran roster-bubble universe; not an observed LVE cut.,,,,2011 preseason/draft cut window proxy,,,2011 proxy stress-test context,18,13,,67,replaceable position in keeper format; low prior-year proxy production,"PROXY ONLY. Use for stress testing/backtesting shape, never as historical truth."
2011,Matt Cassel,proxy_2011_013,QB,KC,29,PROXY_DROP,PROXY_ONLY,Synthetic proxy generated from era-plausible veteran roster-bubble universe; not an observed LVE cut.,,,,2011 preseason/draft cut window proxy,,,2011 proxy stress-test context,41,24,,62,backup/fringe QB in 1QB format; low prior-year proxy production,"PROXY ONLY. Use for stress testing/backtesting shape, never as historical truth."
2011,Matt Flynn,proxy_2011_014,QB,GB,26,PROXY_DROP,PROXY_ONLY,Synthetic proxy generated from era-plausible veteran roster-bubble universe; not an observed LVE cut.,,,,2011 preseason/draft cut window proxy,,,2011 proxy stress-test context,150,27,,54,backup/fringe QB in 1QB format,"PROXY ONLY. Use for stress testing/backtesting shape, never as historical truth."
2011,Matt Hasselbeck,proxy_2011_015,QB,TEN,36,PROXY_DROP,PROXY_ONLY,Synthetic proxy generated from era-plausible veteran roster-bubble universe; not an observed LVE cut.,,,,2011 preseason/draft cut window proxy,,,2011 proxy stress-test context,139,30,,64,backup/fringe QB in 1QB format,"PROXY ONLY. Use for stress testing/backtesting shape, never as historical truth."
2011,Matt Schaub,proxy_2011_016,QB,HOU,30,PROXY_DROP,PROXY_ONLY,Synthetic proxy generated from era-plausible veteran roster-bubble universe; not an observed LVE cut.,,,,2011 preseason/draft cut window proxy,,,2011 proxy stress-test context,128,33,,57,backup/fringe QB in 1QB format,"PROXY ONLY. Use for stress testing/backtesting shape, never as historical truth."
2011,Michael Bush,proxy_2011_027,RB,OAK,27,PROXY_DROP,PROXY_ONLY,Synthetic proxy generated from era-plausible veteran roster-bubble universe; not an observed LVE cut.,,,,2011 preseason/draft cut window proxy,,,2011 proxy stress-test context,127,62,,55,bench bubble profile under 10-team keeper constraints,"PROXY ONLY. Use for stress testing/backtesting shape, never as historical truth."
2011,Owen Daniels,proxy_2011_040,TE,HOU,29,PROXY_DROP,PROXY_ONLY,Synthetic proxy generated from era-plausible veteran roster-bubble universe; not an observed LVE cut.,,,,2011 preseason/draft cut window proxy,,,2011 proxy stress-test context,104,19,,51,bench bubble profile under 10-team keeper constraints,"PROXY ONLY. Use for stress testing/backtesting shape, never as historical truth."
2011,Peyton Hillis,proxy_2011_028,RB,CLE,25,PROXY_DROP,PROXY_ONLY,Synthetic proxy generated from era-plausible veteran roster-bubble universe; not an observed LVE cut.,,,,2011 preseason/draft cut window proxy,,,2011 proxy stress-test context,116,65,,59,bench bubble profile under 10-team keeper constraints,"PROXY ONLY. Use for stress testing/backtesting shape, never as historical truth."
2011,Phil Dawson,proxy_2011_003,K,CLE,36,PROXY_DROP,PROXY_ONLY,Synthetic proxy generated from era-plausible veteran roster-bubble universe; not an observed LVE cut.,,,,2011 preseason/draft cut window proxy,,,2011 proxy stress-test context,106,16,,64,replaceable position in keeper format,"PROXY ONLY. Use for stress testing/backtesting shape, never as historical truth."
2011,Ricky Williams,proxy_2011_029,RB,MIA,34,PROXY_DROP,PROXY_ONLY,Synthetic proxy generated from era-plausible veteran roster-bubble universe; not an observed LVE cut.,,,,2011 preseason/draft cut window proxy,,,2011 proxy stress-test context,105,68,,76,age/decline pressure,"PROXY ONLY. Use for stress testing/backtesting shape, never as historical truth."
2011,Robbie Gould,proxy_2011_004,K,CHI,29,PROXY_DROP,PROXY_ONLY,Synthetic proxy generated from era-plausible veteran roster-bubble universe; not an observed LVE cut.,,,,2011 preseason/draft cut window proxy,,,2011 proxy stress-test context,95,19,,65,replaceable position in keeper format,"PROXY ONLY. Use for stress testing/backtesting shape, never as historical truth."
2011,Ryan Fitzpatrick,proxy_2011_017,QB,BUF,29,PROXY_DROP,PROXY_ONLY,Synthetic proxy generated from era-plausible veteran roster-bubble universe; not an observed LVE cut.,,,,2011 preseason/draft cut window proxy,,,2011 proxy stress-test context,117,36,,63,backup/fringe QB in 1QB format,"PROXY ONLY. Use for stress testing/backtesting shape, never as historical truth."
2011,Sam Bradford,proxy_2011_018,QB,STL,24,PROXY_DROP,PROXY_ONLY,Synthetic proxy generated from era-plausible veteran roster-bubble universe; not an observed LVE cut.,,,,2011 preseason/draft cut window proxy,,,2011 proxy stress-test context,106,39,,64,backup/fringe QB in 1QB format,"PROXY ONLY. Use for stress testing/backtesting shape, never as historical truth."
2011,Sebastian Janikowski,proxy_2011_005,K,OAK,33,PROXY_DROP,PROXY_ONLY,Synthetic proxy generated from era-plausible veteran roster-bubble universe; not an observed LVE cut.,,,,2011 preseason/draft cut window proxy,,,2011 proxy stress-test context,84,22,,67,replaceable position in keeper format; low prior-year proxy production,"PROXY ONLY. Use for stress testing/backtesting shape, never as historical truth."
2011,Shonn Greene,proxy_2011_030,RB,NYJ,26,PROXY_DROP,PROXY_ONLY,Synthetic proxy generated from era-plausible veteran roster-bubble universe; not an observed LVE cut.,,,,2011 preseason/draft cut window proxy,,,2011 proxy stress-test context,94,43,,49,bench bubble profile under 10-team keeper constraints,"PROXY ONLY. Use for stress testing/backtesting shape, never as historical truth."
2011,Stephen Gostkowski,proxy_2011_006,K,NE,27,PROXY_DROP,PROXY_ONLY,Synthetic proxy generated from era-plausible veteran roster-bubble universe; not an observed LVE cut.,,,,2011 preseason/draft cut window proxy,,,2011 proxy stress-test context,73,25,,73,replaceable position in keeper format; low prior-year proxy production,"PROXY ONLY. Use for stress testing/backtesting shape, never as historical truth."
2011,Thomas Jones,proxy_2011_031,RB,KC,33,PROXY_DROP,PROXY_ONLY,Synthetic proxy generated from era-plausible veteran roster-bubble universe; not an observed LVE cut.,,,,2011 preseason/draft cut window proxy,,,2011 proxy stress-test context,83,46,,63,age/decline pressure; low prior-year proxy production,"PROXY ONLY. Use for stress testing/backtesting shape, never as historical truth."
2011,Tim Hightower,proxy_2011_032,RB,ARI,25,PROXY_DROP,PROXY_ONLY,Synthetic proxy generated from era-plausible veteran roster-bubble universe; not an observed LVE cut.,,,,2011 preseason/draft cut window proxy,,,2011 proxy stress-test context,72,49,,56,low prior-year proxy production,"PROXY ONLY. Use for stress testing/backtesting shape, never as historical truth."
2011,Vince Young,proxy_2011_019,QB,TEN,28,PROXY_DROP,PROXY_ONLY,Synthetic proxy generated from era-plausible veteran roster-bubble universe; not an observed LVE cut.,,,,2011 preseason/draft cut window proxy,,,2011 proxy stress-test context,95,42,,66,backup/fringe QB in 1QB format,"PROXY ONLY. Use for stress testing/backtesting shape, never as historical truth."
2011,Willis McGahee,proxy_2011_033,RB,BAL,30,PROXY_DROP,PROXY_ONLY,Synthetic proxy generated from era-plausible veteran roster-bubble universe; not an observed LVE cut.,,,,2011 preseason/draft cut window proxy,,,2011 proxy stress-test context,61,52,,65,age/decline pressure; low prior-year proxy production,"PROXY ONLY. Use for stress testing/backtesting shape, never as historical truth."
2012,Andy Dalton,proxy_2012_002,QB,CIN,25,PROXY_DROP,PROXY_ONLY,Synthetic proxy generated from era-plausible veteran roster-bubble universe; not an observed LVE cut.,,,,2012 preseason/draft cut window proxy,,,2012 proxy stress-test context,41,20,,60,backup/fringe QB in 1QB format; low prior-year proxy production,"PROXY ONLY. Use for stress testing/backtesting shape, never as historical truth."
2012,Beanie Wells,proxy_2012_015,RB,ARI,24,PROXY_DROP,PROXY_ONLY,Synthetic proxy generated from era-plausible veteran roster-bubble universe; not an observed LVE cut.,,,,2012 preseason/draft cut window proxy,,,2012 proxy stress-test context,138,55,,50,bench bubble profile under 10-team keeper constraints,"PROXY ONLY. Use for stress testing/backtesting shape, never as historical truth."
2012,Ben Tate,proxy_2012_016,RB,HOU,25,PROXY_DROP,PROXY_ONLY,Synthetic proxy generated from era-plausible veteran roster-bubble universe; not an observed LVE cut.,,,,2012 preseason/draft cut window proxy,,,2012 proxy stress-test context,127,58,,51,bench bubble profile under 10-team keeper constraints,"PROXY ONLY. Use for stress testing/backtesting shape, never as historical truth."
2012,BenJarvus Green-Ellis,proxy_2012_017,RB,NE,27,PROXY_DROP,PROXY_ONLY,Synthetic proxy generated from era-plausible veteran roster-bubble universe; not an observed LVE cut.,,,,2012 preseason/draft cut window proxy,,,2012 proxy stress-test context,116,61,,59,bench bubble profile under 10-team keeper constraints,"PROXY ONLY. Use for stress testing/backtesting shape, never as historical truth."
2012,Brandon Jacobs,proxy_2012_018,RB,NYG,30,PROXY_DROP,PROXY_ONLY,Synthetic proxy generated from era-plausible veteran roster-bubble universe; not an observed LVE cut.,,,,2012 preseason/draft cut window proxy,,,2012 proxy stress-test context,105,64,,66,age/decline pressure,"PROXY ONLY. Use for stress testing/backtesting shape, never as historical truth."
2012,Brandon Pettigrew,proxy_2012_025,TE,DET,27,PROXY_DROP,PROXY_ONLY,Synthetic proxy generated from era-plausible veteran roster-bubble universe; not an observed LVE cut.,,,,2012 preseason/draft cut window proxy,,,2012 proxy stress-test context,148,31,,53,bench bubble profile under 10-team keeper constraints,"PROXY ONLY. Use for stress testing/backtesting shape, never as historical truth."
2012,Braylon Edwards,proxy_2012_034,WR,NYJ,29,PROXY_DROP,PROXY_ONLY,Synthetic proxy generated from era-plausible veteran roster-bubble universe; not an observed LVE cut.,,,,2012 preseason/draft cut window proxy,,,2012 proxy stress-test context,49,72,,59,low prior-year proxy production,"PROXY ONLY. Use for stress testing/backtesting shape, never as historical truth."
2012,Carson Palmer,proxy_2012_003,QB,OAK,32,PROXY_DROP,PROXY_ONLY,Synthetic proxy generated from era-plausible veteran roster-bubble universe; not an observed LVE cut.,,,,2012 preseason/draft cut window proxy,,,2012 proxy stress-test context,150,23,,52,backup/fringe QB in 1QB format,"PROXY ONLY. Use for stress testing/backtesting shape, never as historical truth."
2012,Chad Henne,proxy_2012_004,QB,MIA,27,PROXY_DROP,PROXY_ONLY,Synthetic proxy generated from era-plausible veteran roster-bubble universe; not an observed LVE cut.,,,,2012 preseason/draft cut window proxy,,,2012 proxy stress-test context,139,26,,54,backup/fringe QB in 1QB format,"PROXY ONLY. Use for stress testing/backtesting shape, never as historical truth."
2012,Chris Cooley,proxy_2012_026,TE,WAS,30,PROXY_DROP,PROXY_ONLY,Synthetic proxy generated from era-plausible veteran roster-bubble universe; not an observed LVE cut.,,,,2012 preseason/draft cut window proxy,,,2012 proxy stress-test context,137,34,,55,bench bubble profile under 10-team keeper constraints,"PROXY ONLY. Use for stress testing/backtesting shape, never as historical truth."
2012,Coby Fleener,proxy_2012_027,TE,IND,24,PROXY_DROP,PROXY_ONLY,Synthetic proxy generated from era-plausible veteran roster-bubble universe; not an observed LVE cut.,,,,2012 preseason/draft cut window proxy,,,2012 proxy stress-test context,126,37,,56,bench bubble profile under 10-team keeper constraints,"PROXY ONLY. Use for stress testing/backtesting shape, never as historical truth."
2012,DeAngelo Williams,proxy_2012_019,RB,CAR,29,PROXY_DROP,PROXY_ONLY,Synthetic proxy generated from era-plausible veteran roster-bubble universe; not an observed LVE cut.,,,,2012 preseason/draft cut window proxy,,,2012 proxy stress-test context,94,67,,66,age/decline pressure,"PROXY ONLY. Use for stress testing/backtesting shape, never as historical truth."
2012,Donald Driver,proxy_2012_035,WR,GB,37,PROXY_DROP,PROXY_ONLY,Synthetic proxy generated from era-plausible veteran roster-bubble universe; not an observed LVE cut.,,,,2012 preseason/draft cut window proxy,,,2012 proxy stress-test context,38,75,,76,age/decline pressure; low prior-year proxy production,"PROXY ONLY. Use for stress testing/backtesting shape, never as historical truth."
2012,Dustin Keller,proxy_2012_028,TE,NYJ,28,PROXY_DROP,PROXY_ONLY,Synthetic proxy generated from era-plausible veteran roster-bubble universe; not an observed LVE cut.,,,,2012 preseason/draft cut window proxy,,,2012 proxy stress-test context,115,40,,62,bench bubble profile under 10-team keeper constraints,"PROXY ONLY. Use for stress testing/backtesting shape, never as historical truth."
2012,Felix Jones,proxy_2012_020,RB,DAL,25,PROXY_DROP,PROXY_ONLY,Synthetic proxy generated from era-plausible veteran roster-bubble universe; not an observed LVE cut.,,,,2012 preseason/draft cut window proxy,,,2012 proxy stress-test context,83,42,,49,low prior-year proxy production,"PROXY ONLY. Use for stress testing/backtesting shape, never as historical truth."
2012,Fred Davis,proxy_2012_029,TE,WAS,26,PROXY_DROP,PROXY_ONLY,Synthetic proxy generated from era-plausible veteran roster-bubble universe; not an observed LVE cut.,,,,2012 preseason/draft cut window proxy,,,2012 proxy stress-test context,104,43,,63,bench bubble profile under 10-team keeper constraints,"PROXY ONLY. Use for stress testing/backtesting shape, never as historical truth."
2012,Hakeem Nicks,proxy_2012_036,WR,NYG,25,PROXY_DROP,PROXY_ONLY,Synthetic proxy generated from era-plausible veteran roster-bubble universe; not an observed LVE cut.,,,,2012 preseason/draft cut window proxy,,,2012 proxy stress-test context,147,78,,53,bench bubble profile under 10-team keeper constraints,"PROXY ONLY. Use for stress testing/backtesting shape, never as historical truth."
2012,Jason Campbell,proxy_2012_005,QB,OAK,31,PROXY_DROP,PROXY_ONLY,Synthetic proxy generated from era-plausible veteran roster-bubble universe; not an observed LVE cut.,,,,2012 preseason/draft cut window proxy,,,2012 proxy stress-test context,128,29,,55,backup/fringe QB in 1QB format,"PROXY ONLY. Use for stress testing/backtesting shape, never as historical truth."
2012,Jermichael Finley,proxy_2012_030,TE,GB,25,PROXY_DROP,PROXY_ONLY,Synthetic proxy generated from era-plausible veteran roster-bubble universe; not an observed LVE cut.,,,,2012 preseason/draft cut window proxy,,,2012 proxy stress-test context,93,18,,51,bench bubble profile under 10-team keeper constraints,"PROXY ONLY. Use for stress testing/backtesting shape, never as historical truth."
2012,Jerricho Cotchery,proxy_2012_037,WR,NYJ,30,PROXY_DROP,PROXY_ONLY,Synthetic proxy generated from era-plausible veteran roster-bubble universe; not an observed LVE cut.,,,,2012 preseason/draft cut window proxy,,,2012 proxy stress-test context,136,81,,56,age/decline pressure,"PROXY ONLY. Use for stress testing/backtesting shape, never as historical truth."
2012,Josh Freeman,proxy_2012_006,QB,TB,24,PROXY_DROP,PROXY_ONLY,Synthetic proxy generated from era-plausible veteran roster-bubble universe; not an observed LVE cut.,,,,2012 preseason/draft cut window proxy,,,2012 proxy stress-test context,117,32,,61,backup/fringe QB in 1QB format,"PROXY ONLY. Use for stress testing/backtesting shape, never as historical truth."
2012,Kenny Britt,proxy_2012_038,WR,TEN,24,PROXY_DROP,PROXY_ONLY,Synthetic proxy generated from era-plausible veteran roster-bubble universe; not an observed LVE cut.,,,,2012 preseason/draft cut window proxy,,,2012 proxy stress-test context,125,84,,56,bench bubble profile under 10-team keeper constraints,"PROXY ONLY. Use for stress testing/backtesting shape, never as historical truth."
2012,Kyle Orton,proxy_2012_007,QB,DEN,30,PROXY_DROP,PROXY_ONLY,Synthetic proxy generated from era-plausible veteran roster-bubble universe; not an observed LVE cut.,,,,2012 preseason/draft cut window proxy,,,2012 proxy stress-test context,106,35,,62,backup/fringe QB in 1QB format,"PROXY ONLY. Use for stress testing/backtesting shape, never as historical truth."
2012,Lance Moore,proxy_2012_039,WR,NO,29,PROXY_DROP,PROXY_ONLY,Synthetic proxy generated from era-plausible veteran roster-bubble universe; not an observed LVE cut.,,,,2012 preseason/draft cut window proxy,,,2012 proxy stress-test context,114,59,,48,bench bubble profile under 10-team keeper constraints,"PROXY ONLY. Use for stress testing/backtesting shape, never as historical truth."
2012,Mark Sanchez,proxy_2012_008,QB,NYJ,26,PROXY_DROP,PROXY_ONLY,Synthetic proxy generated from era-plausible veteran roster-bubble universe; not an observed LVE cut.,,,,2012 preseason/draft cut window proxy,,,2012 proxy stress-test context,95,38,,64,backup/fringe QB in 1QB format,"PROXY ONLY. Use for stress testing/backtesting shape, never as historical truth."
2012,Martellus Bennett,proxy_2012_031,TE,NYG,26,PROXY_DROP,PROXY_ONLY,Synthetic proxy generated from era-plausible veteran roster-bubble universe; not an observed LVE cut.,,,,2012 preseason/draft cut window proxy,,,2012 proxy stress-test context,82,21,,52,low prior-year proxy production,"PROXY ONLY. Use for stress testing/backtesting shape, never as historical truth."
2012,Matt Cassel,proxy_2012_009,QB,KC,30,PROXY_DROP,PROXY_ONLY,Synthetic proxy generated from era-plausible veteran roster-bubble universe; not an observed LVE cut.,,,,2012 preseason/draft cut window proxy,,,2012 proxy stress-test context,84,41,,65,backup/fringe QB in 1QB format; low prior-year proxy production,"PROXY ONLY. Use for stress testing/backtesting shape, never as historical truth."
2012,Matt Flynn,proxy_2012_010,QB,GB,27,PROXY_DROP,PROXY_ONLY,Synthetic proxy generated from era-plausible veteran roster-bubble universe; not an observed LVE cut.,,,,2012 preseason/draft cut window proxy,,,2012 proxy stress-test context,73,44,,72,backup/fringe QB in 1QB format; low prior-year proxy production,"PROXY ONLY. Use for stress testing/backtesting shape, never as historical truth."
2012,Matt Hasselbeck,proxy_2012_011,QB,TEN,37,PROXY_DROP,PROXY_ONLY,Synthetic proxy generated from era-plausible veteran roster-bubble universe; not an observed LVE cut.,,,,2012 preseason/draft cut window proxy,,,2012 proxy stress-test context,62,19,,69,backup/fringe QB in 1QB format; low prior-year proxy production,"PROXY ONLY. Use for stress testing/backtesting shape, never as historical truth."
2012,Matt Schaub,proxy_2012_012,QB,HOU,31,PROXY_DROP,PROXY_ONLY,Synthetic proxy generated from era-plausible veteran roster-bubble universe; not an observed LVE cut.,,,,2012 preseason/draft cut window proxy,,,2012 proxy stress-test context,51,22,,61,backup/fringe QB in 1QB format; low prior-year proxy production,"PROXY ONLY. Use for stress testing/backtesting shape, never as historical truth."
2012,Michael Bush,proxy_2012_021,RB,OAK,28,PROXY_DROP,PROXY_ONLY,Synthetic proxy generated from era-plausible veteran roster-bubble universe; not an observed LVE cut.,,,,2012 preseason/draft cut window proxy,,,2012 proxy stress-test context,72,45,,58,age/decline pressure; low prior-year proxy production,"PROXY ONLY. Use for stress testing/backtesting shape, never as historical truth."
2012,Miles Austin,proxy_2012_040,WR,DAL,28,PROXY_DROP,PROXY_ONLY,Synthetic proxy generated from era-plausible veteran roster-bubble universe; not an observed LVE cut.,,,,2012 preseason/draft cut window proxy,,,2012 proxy stress-test context,103,62,,49,bench bubble profile under 10-team keeper constraints,"PROXY ONLY. Use for stress testing/backtesting shape, never as historical truth."
2012,Owen Daniels,proxy_2012_032,TE,HOU,30,PROXY_DROP,PROXY_ONLY,Synthetic proxy generated from era-plausible veteran roster-bubble universe; not an observed LVE cut.,,,,2012 preseason/draft cut window proxy,,,2012 proxy stress-test context,71,24,,59,low prior-year proxy production,"PROXY ONLY. Use for stress testing/backtesting shape, never as historical truth."
2012,Peyton Hillis,proxy_2012_022,RB,CLE,26,PROXY_DROP,PROXY_ONLY,Synthetic proxy generated from era-plausible veteran roster-bubble universe; not an observed LVE cut.,,,,2012 preseason/draft cut window proxy,,,2012 proxy stress-test context,61,48,,55,low prior-year proxy production,"PROXY ONLY. Use for stress testing/backtesting shape, never as historical truth."
2012,Ryan Fitzpatrick,proxy_2012_013,QB,BUF,30,PROXY_DROP,PROXY_ONLY,Synthetic proxy generated from era-plausible veteran roster-bubble universe; not an observed LVE cut.,,,,2012 preseason/draft cut window proxy,,,2012 proxy stress-test context,40,25,,62,backup/fringe QB in 1QB format; low prior-year proxy production,"PROXY ONLY. Use for stress testing/backtesting shape, never as historical truth."
2012,Sam Bradford,proxy_2012_014,QB,STL,25,PROXY_DROP,PROXY_ONLY,Synthetic proxy generated from era-plausible veteran roster-bubble universe; not an observed LVE cut.,,,,2012 preseason/draft cut window proxy,,,2012 proxy stress-test context,149,28,,55,backup/fringe QB in 1QB format,"PROXY ONLY. Use for stress testing/backtesting shape, never as historical truth."
2012,Shonn Greene,proxy_2012_023,RB,NYJ,27,PROXY_DROP,PROXY_ONLY,Synthetic proxy generated from era-plausible veteran roster-bubble universe; not an observed LVE cut.,,,,2012 preseason/draft cut window proxy,,,2012 proxy stress-test context,50,51,,59,low prior-year proxy production,"PROXY ONLY. Use for stress testing/backtesting shape, never as historical truth."
2012,Stephen Gostkowski,proxy_2012_001,K,NE,28,PROXY_DROP,PROXY_ONLY,Synthetic proxy generated from era-plausible veteran roster-bubble universe; not an observed LVE cut.,,,,2012 preseason/draft cut window proxy,,,2012 proxy stress-test context,18,39,,80,replaceable position in keeper format; low prior-year proxy production,"PROXY ONLY. Use for stress testing/backtesting shape, never as historical truth."
2012,Todd Heap,proxy_2012_033,TE,BAL,32,PROXY_DROP,PROXY_ONLY,Synthetic proxy generated from era-plausible veteran roster-bubble universe; not an observed LVE cut.,,,,2012 preseason/draft cut window proxy,,,2012 proxy stress-test context,60,27,,64,age/decline pressure; low prior-year proxy production,"PROXY ONLY. Use for stress testing/backtesting shape, never as historical truth."
2012,Willis McGahee,proxy_2012_024,RB,BAL,31,PROXY_DROP,PROXY_ONLY,Synthetic proxy generated from era-plausible veteran roster-bubble universe; not an observed LVE cut.,,,,2012 preseason/draft cut window proxy,,,2012 proxy stress-test context,39,54,,68,age/decline pressure; low prior-year proxy production,"PROXY ONLY. Use for stress testing/backtesting shape, never as historical truth."
2013,Baltimore Ravens DEF,proxy_2013_037,DEF,BAL,,PROXY_DROP,PROXY_ONLY,Synthetic proxy generated from era-plausible veteran roster-bubble universe; not an observed LVE cut.,,,,2013 preseason/draft cut window proxy,,,2013 proxy stress-test context,90,36,,72,replaceable position in keeper format,"PROXY ONLY. Use for stress testing/backtesting shape, never as historical truth."
2013,Ben Tate,proxy_2013_006,RB,HOU,26,PROXY_DROP,PROXY_ONLY,Synthetic proxy generated from era-plausible veteran roster-bubble universe; not an observed LVE cut.,,,,2013 preseason/draft cut window proxy,,,2013 proxy stress-test context,116,57,,55,bench bubble profile under 10-team keeper constraints,"PROXY ONLY. Use for stress testing/backtesting shape, never as historical truth."
2013,BenJarvus Green-Ellis,proxy_2013_007,RB,NE,28,PROXY_DROP,PROXY_ONLY,Synthetic proxy generated from era-plausible veteran roster-bubble universe; not an observed LVE cut.,,,,2013 preseason/draft cut window proxy,,,2013 proxy stress-test context,105,60,,60,age/decline pressure,"PROXY ONLY. Use for stress testing/backtesting shape, never as historical truth."
2013,Brandon Pettigrew,proxy_2013_016,TE,DET,28,PROXY_DROP,PROXY_ONLY,Synthetic proxy generated from era-plausible veteran roster-bubble universe; not an observed LVE cut.,,,,2013 preseason/draft cut window proxy,,,2013 proxy stress-test context,126,33,,54,bench bubble profile under 10-team keeper constraints,"PROXY ONLY. Use for stress testing/backtesting shape, never as historical truth."
2013,C.J. Spiller,proxy_2013_008,RB,BUF,26,PROXY_DROP,PROXY_ONLY,Synthetic proxy generated from era-plausible veteran roster-bubble universe; not an observed LVE cut.,,,,2013 preseason/draft cut window proxy,,,2013 proxy stress-test context,94,63,,58,bench bubble profile under 10-team keeper constraints,"PROXY ONLY. Use for stress testing/backtesting shape, never as historical truth."
2013,Chicago Bears DEF,proxy_2013_038,DEF,CHI,,PROXY_DROP,PROXY_ONLY,Synthetic proxy generated from era-plausible veteran roster-bubble universe; not an observed LVE cut.,,,,2013 preseason/draft cut window proxy,,,2013 proxy stress-test context,79,39,,78,replaceable position in keeper format; low prior-year proxy production,"PROXY ONLY. Use for stress testing/backtesting shape, never as historical truth."
2013,Coby Fleener,proxy_2013_017,TE,IND,25,PROXY_DROP,PROXY_ONLY,Synthetic proxy generated from era-plausible veteran roster-bubble universe; not an observed LVE cut.,,,,2013 preseason/draft cut window proxy,,,2013 proxy stress-test context,115,36,,60,bench bubble profile under 10-team keeper constraints,"PROXY ONLY. Use for stress testing/backtesting shape, never as historical truth."
2013,Darren McFadden,proxy_2013_009,RB,OAK,26,PROXY_DROP,PROXY_ONLY,Synthetic proxy generated from era-plausible veteran roster-bubble universe; not an observed LVE cut.,,,,2013 preseason/draft cut window proxy,,,2013 proxy stress-test context,83,66,,59,low prior-year proxy production,"PROXY ONLY. Use for stress testing/backtesting shape, never as historical truth."
2013,DeAngelo Williams,proxy_2013_010,RB,CAR,30,PROXY_DROP,PROXY_ONLY,Synthetic proxy generated from era-plausible veteran roster-bubble universe; not an observed LVE cut.,,,,2013 preseason/draft cut window proxy,,,2013 proxy stress-test context,72,69,,74,age/decline pressure; low prior-year proxy production,"PROXY ONLY. Use for stress testing/backtesting shape, never as historical truth."
2013,Denver Broncos DEF,proxy_2013_039,DEF,DEN,,PROXY_DROP,PROXY_ONLY,Synthetic proxy generated from era-plausible veteran roster-bubble universe; not an observed LVE cut.,,,,2013 preseason/draft cut window proxy,,,2013 proxy stress-test context,68,14,,66,replaceable position in keeper format; low prior-year proxy production,"PROXY ONLY. Use for stress testing/backtesting shape, never as historical truth."
2013,Dwayne Allen,proxy_2013_018,TE,IND,24,PROXY_DROP,PROXY_ONLY,Synthetic proxy generated from era-plausible veteran roster-bubble universe; not an observed LVE cut.,,,,2013 preseason/draft cut window proxy,,,2013 proxy stress-test context,104,39,,61,bench bubble profile under 10-team keeper constraints,"PROXY ONLY. Use for stress testing/backtesting shape, never as historical truth."
2013,Fred Davis,proxy_2013_019,TE,WAS,27,PROXY_DROP,PROXY_ONLY,Synthetic proxy generated from era-plausible veteran roster-bubble universe; not an observed LVE cut.,,,,2013 preseason/draft cut window proxy,,,2013 proxy stress-test context,93,42,,63,bench bubble profile under 10-team keeper constraints,"PROXY ONLY. Use for stress testing/backtesting shape, never as historical truth."
2013,Hakeem Nicks,proxy_2013_024,WR,NYG,26,PROXY_DROP,PROXY_ONLY,Synthetic proxy generated from era-plausible veteran roster-bubble universe; not an observed LVE cut.,,,,2013 preseason/draft cut window proxy,,,2013 proxy stress-test context,38,71,,58,low prior-year proxy production,"PROXY ONLY. Use for stress testing/backtesting shape, never as historical truth."
2013,Jared Cook,proxy_2013_020,TE,TEN,26,PROXY_DROP,PROXY_ONLY,Synthetic proxy generated from era-plausible veteran roster-bubble universe; not an observed LVE cut.,,,,2013 preseason/draft cut window proxy,,,2013 proxy stress-test context,82,17,,51,low prior-year proxy production,"PROXY ONLY. Use for stress testing/backtesting shape, never as historical truth."
2013,Jeremy Maclin,proxy_2013_025,WR,PHI,25,PROXY_DROP,PROXY_ONLY,Synthetic proxy generated from era-plausible veteran roster-bubble universe; not an observed LVE cut.,,,,2013 preseason/draft cut window proxy,,,2013 proxy stress-test context,147,74,,51,bench bubble profile under 10-team keeper constraints,"PROXY ONLY. Use for stress testing/backtesting shape, never as historical truth."
2013,Jermichael Finley,proxy_2013_021,TE,GB,26,PROXY_DROP,PROXY_ONLY,Synthetic proxy generated from era-plausible veteran roster-bubble universe; not an observed LVE cut.,,,,2013 preseason/draft cut window proxy,,,2013 proxy stress-test context,71,20,,57,low prior-year proxy production,"PROXY ONLY. Use for stress testing/backtesting shape, never as historical truth."
2013,Jerricho Cotchery,proxy_2013_026,WR,NYJ,31,PROXY_DROP,PROXY_ONLY,Synthetic proxy generated from era-plausible veteran roster-bubble universe; not an observed LVE cut.,,,,2013 preseason/draft cut window proxy,,,2013 proxy stress-test context,136,77,,56,age/decline pressure,"PROXY ONLY. Use for stress testing/backtesting shape, never as historical truth."
2013,Kenny Britt,proxy_2013_027,WR,TEN,25,PROXY_DROP,PROXY_ONLY,Synthetic proxy generated from era-plausible veteran roster-bubble universe; not an observed LVE cut.,,,,2013 preseason/draft cut window proxy,,,2013 proxy stress-test context,125,80,,54,bench bubble profile under 10-team keeper constraints,"PROXY ONLY. Use for stress testing/backtesting shape, never as historical truth."
2013,Lance Moore,proxy_2013_028,WR,NO,30,PROXY_DROP,PROXY_ONLY,Synthetic proxy generated from era-plausible veteran roster-bubble universe; not an observed LVE cut.,,,,2013 preseason/draft cut window proxy,,,2013 proxy stress-test context,114,83,,61,age/decline pressure,"PROXY ONLY. Use for stress testing/backtesting shape, never as historical truth."
2013,Martellus Bennett,proxy_2013_022,TE,NYG,27,PROXY_DROP,PROXY_ONLY,Synthetic proxy generated from era-plausible veteran roster-bubble universe; not an observed LVE cut.,,,,2013 preseason/draft cut window proxy,,,2013 proxy stress-test context,60,23,,58,low prior-year proxy production,"PROXY ONLY. Use for stress testing/backtesting shape, never as historical truth."
2013,Matt Cassel,proxy_2013_001,QB,KC,31,PROXY_DROP,PROXY_ONLY,Synthetic proxy generated from era-plausible veteran roster-bubble universe; not an observed LVE cut.,,,,2013 preseason/draft cut window proxy,,,2013 proxy stress-test context,51,18,,59,backup/fringe QB in 1QB format; low prior-year proxy production,"PROXY ONLY. Use for stress testing/backtesting shape, never as historical truth."
2013,Matt Flynn,proxy_2013_002,QB,GB,28,PROXY_DROP,PROXY_ONLY,Synthetic proxy generated from era-plausible veteran roster-bubble universe; not an observed LVE cut.,,,,2013 preseason/draft cut window proxy,,,2013 proxy stress-test context,40,21,,60,backup/fringe QB in 1QB format; low prior-year proxy production,"PROXY ONLY. Use for stress testing/backtesting shape, never as historical truth."
2013,Matt Schaub,proxy_2013_003,QB,HOU,32,PROXY_DROP,PROXY_ONLY,Synthetic proxy generated from era-plausible veteran roster-bubble universe; not an observed LVE cut.,,,,2013 preseason/draft cut window proxy,,,2013 proxy stress-test context,149,24,,53,backup/fringe QB in 1QB format,"PROXY ONLY. Use for stress testing/backtesting shape, never as historical truth."
2013,Michael Bush,proxy_2013_011,RB,OAK,29,PROXY_DROP,PROXY_ONLY,Synthetic proxy generated from era-plausible veteran roster-bubble universe; not an observed LVE cut.,,,,2013 preseason/draft cut window proxy,,,2013 proxy stress-test context,61,44,,60,age/decline pressure; low prior-year proxy production,"PROXY ONLY. Use for stress testing/backtesting shape, never as historical truth."
2013,Mike Wallace,proxy_2013_029,WR,MIA,27,PROXY_DROP,PROXY_ONLY,Synthetic proxy generated from era-plausible veteran roster-bubble universe; not an observed LVE cut.,,,,2013 preseason/draft cut window proxy,,,2013 proxy stress-test context,103,58,,48,bench bubble profile under 10-team keeper constraints,"PROXY ONLY. Use for stress testing/backtesting shape, never as historical truth."
2013,Miles Austin,proxy_2013_030,WR,DAL,29,PROXY_DROP,PROXY_ONLY,Synthetic proxy generated from era-plausible veteran roster-bubble universe; not an observed LVE cut.,,,,2013 preseason/draft cut window proxy,,,2013 proxy stress-test context,92,61,,48,bench bubble profile under 10-team keeper constraints,"PROXY ONLY. Use for stress testing/backtesting shape, never as historical truth."
2013,Minnesota Vikings DEF,proxy_2013_040,DEF,MIN,,PROXY_DROP,PROXY_ONLY,Synthetic proxy generated from era-plausible veteran roster-bubble universe; not an observed LVE cut.,,,,2013 preseason/draft cut window proxy,,,2013 proxy stress-test context,57,17,,67,replaceable position in keeper format; low prior-year proxy production,"PROXY ONLY. Use for stress testing/backtesting shape, never as historical truth."
2013,Nate Burleson,proxy_2013_031,WR,DET,32,PROXY_DROP,PROXY_ONLY,Synthetic proxy generated from era-plausible veteran roster-bubble universe; not an observed LVE cut.,,,,2013 preseason/draft cut window proxy,,,2013 proxy stress-test context,81,64,,56,age/decline pressure; low prior-year proxy production,"PROXY ONLY. Use for stress testing/backtesting shape, never as historical truth."
2013,Owen Daniels,proxy_2013_023,TE,HOU,31,PROXY_DROP,PROXY_ONLY,Synthetic proxy generated from era-plausible veteran roster-bubble universe; not an observed LVE cut.,,,,2013 preseason/draft cut window proxy,,,2013 proxy stress-test context,49,26,,62,age/decline pressure; low prior-year proxy production,"PROXY ONLY. Use for stress testing/backtesting shape, never as historical truth."
2013,Percy Harvin,proxy_2013_032,WR,SEA,25,PROXY_DROP,PROXY_ONLY,Synthetic proxy generated from era-plausible veteran roster-bubble universe; not an observed LVE cut.,,,,2013 preseason/draft cut window proxy,,,2013 proxy stress-test context,70,67,,56,low prior-year proxy production,"PROXY ONLY. Use for stress testing/backtesting shape, never as historical truth."
2013,Peyton Hillis,proxy_2013_012,RB,CLE,27,PROXY_DROP,PROXY_ONLY,Synthetic proxy generated from era-plausible veteran roster-bubble universe; not an observed LVE cut.,,,,2013 preseason/draft cut window proxy,,,2013 proxy stress-test context,50,47,,57,low prior-year proxy production,"PROXY ONLY. Use for stress testing/backtesting shape, never as historical truth."
2013,Ryan Fitzpatrick,proxy_2013_004,QB,BUF,31,PROXY_DROP,PROXY_ONLY,Synthetic proxy generated from era-plausible veteran roster-bubble universe; not an observed LVE cut.,,,,2013 preseason/draft cut window proxy,,,2013 proxy stress-test context,138,27,,54,backup/fringe QB in 1QB format,"PROXY ONLY. Use for stress testing/backtesting shape, never as historical truth."
2013,Sam Bradford,proxy_2013_005,QB,STL,26,PROXY_DROP,PROXY_ONLY,Synthetic proxy generated from era-plausible veteran roster-bubble universe; not an observed LVE cut.,,,,2013 preseason/draft cut window proxy,,,2013 proxy stress-test context,127,30,,56,backup/fringe QB in 1QB format,"PROXY ONLY. Use for stress testing/backtesting shape, never as historical truth."
2013,Santana Moss,proxy_2013_033,WR,WAS,34,PROXY_DROP,PROXY_ONLY,Synthetic proxy generated from era-plausible veteran roster-bubble universe; not an observed LVE cut.,,,,2013 preseason/draft cut window proxy,,,2013 proxy stress-test context,59,70,,68,age/decline pressure; low prior-year proxy production,"PROXY ONLY. Use for stress testing/backtesting shape, never as historical truth."
2013,Shonn Greene,proxy_2013_013,RB,NYJ,28,PROXY_DROP,PROXY_ONLY,Synthetic proxy generated from era-plausible veteran roster-bubble universe; not an observed LVE cut.,,,,2013 preseason/draft cut window proxy,,,2013 proxy stress-test context,39,50,,60,age/decline pressure; low prior-year proxy production,"PROXY ONLY. Use for stress testing/backtesting shape, never as historical truth."
2013,Sidney Rice,proxy_2013_034,WR,MIN,27,PROXY_DROP,PROXY_ONLY,Synthetic proxy generated from era-plausible veteran roster-bubble universe; not an observed LVE cut.,,,,2013 preseason/draft cut window proxy,,,2013 proxy stress-test context,48,73,,59,low prior-year proxy production,"PROXY ONLY. Use for stress testing/backtesting shape, never as historical truth."
2013,Steven Jackson,proxy_2013_014,RB,ATL,30,PROXY_DROP,PROXY_ONLY,Synthetic proxy generated from era-plausible veteran roster-bubble universe; not an observed LVE cut.,,,,2013 preseason/draft cut window proxy,,,2013 proxy stress-test context,148,53,,57,age/decline pressure,"PROXY ONLY. Use for stress testing/backtesting shape, never as historical truth."
2013,Torrey Smith,proxy_2013_035,WR,BAL,24,PROXY_DROP,PROXY_ONLY,Synthetic proxy generated from era-plausible veteran roster-bubble universe; not an observed LVE cut.,,,,2013 preseason/draft cut window proxy,,,2013 proxy stress-test context,37,76,,61,low prior-year proxy production,"PROXY ONLY. Use for stress testing/backtesting shape, never as historical truth."
2013,Victor Cruz,proxy_2013_036,WR,NYG,27,PROXY_DROP,PROXY_ONLY,Synthetic proxy generated from era-plausible veteran roster-bubble universe; not an observed LVE cut.,,,,2013 preseason/draft cut window proxy,,,2013 proxy stress-test context,146,79,,53,bench bubble profile under 10-team keeper constraints,"PROXY ONLY. Use for stress testing/backtesting shape, never as historical truth."
2013,Willis McGahee,proxy_2013_015,RB,BAL,32,PROXY_DROP,PROXY_ONLY,Synthetic proxy generated from era-plausible veteran roster-bubble universe; not an observed LVE cut.,,,,2013 preseason/draft cut window proxy,,,2013 proxy stress-test context,137,56,,62,age/decline pressure,"PROXY ONLY. Use for stress testing/backtesting shape, never as historical truth."
2014,Adam Vinatieri,proxy_2014_038,K,IND,41,PROXY_DROP,PROXY_ONLY,Synthetic proxy generated from era-plausible veteran roster-bubble universe; not an observed LVE cut.,,,,2014 preseason/draft cut window proxy,,,2014 proxy stress-test context,78,12,,67,replaceable position in keeper format; low prior-year proxy production,"PROXY ONLY. Use for stress testing/backtesting shape, never as historical truth."
2014,Baltimore Ravens DEF,proxy_2014_032,DEF,BAL,,PROXY_DROP,PROXY_ONLY,Synthetic proxy generated from era-plausible veteran roster-bubble universe; not an observed LVE cut.,,,,2014 preseason/draft cut window proxy,,,2014 proxy stress-test context,24,22,,70,replaceable position in keeper format; low prior-year proxy production,"PROXY ONLY. Use for stress testing/backtesting shape, never as historical truth."
2014,Bishop Sankey,proxy_2014_001,RB,TEN,22,PROXY_DROP,PROXY_ONLY,Synthetic proxy generated from era-plausible veteran roster-bubble universe; not an observed LVE cut.,,,,2014 preseason/draft cut window proxy,,,2014 proxy stress-test context,50,43,,54,low prior-year proxy production,"PROXY ONLY. Use for stress testing/backtesting shape, never as historical truth."
2014,Blair Walsh,proxy_2014_039,K,MIN,25,PROXY_DROP,PROXY_ONLY,Synthetic proxy generated from era-plausible veteran roster-bubble universe; not an observed LVE cut.,,,,2014 preseason/draft cut window proxy,,,2014 proxy stress-test context,67,15,,68,replaceable position in keeper format; low prior-year proxy production,"PROXY ONLY. Use for stress testing/backtesting shape, never as historical truth."
2014,Brandon Pettigrew,proxy_2014_010,TE,DET,29,PROXY_DROP,PROXY_ONLY,Synthetic proxy generated from era-plausible veteran roster-bubble universe; not an observed LVE cut.,,,,2014 preseason/draft cut window proxy,,,2014 proxy stress-test context,71,16,,56,low prior-year proxy production,"PROXY ONLY. Use for stress testing/backtesting shape, never as historical truth."
2014,C.J. Spiller,proxy_2014_002,RB,BUF,27,PROXY_DROP,PROXY_ONLY,Synthetic proxy generated from era-plausible veteran roster-bubble universe; not an observed LVE cut.,,,,2014 preseason/draft cut window proxy,,,2014 proxy stress-test context,39,46,,56,low prior-year proxy production,"PROXY ONLY. Use for stress testing/backtesting shape, never as historical truth."
2014,Chicago Bears DEF,proxy_2014_033,DEF,CHI,,PROXY_DROP,PROXY_ONLY,Synthetic proxy generated from era-plausible veteran roster-bubble universe; not an observed LVE cut.,,,,2014 preseason/draft cut window proxy,,,2014 proxy stress-test context,18,25,,71,replaceable position in keeper format; low prior-year proxy production,"PROXY ONLY. Use for stress testing/backtesting shape, never as historical truth."
2014,Coby Fleener,proxy_2014_011,TE,IND,26,PROXY_DROP,PROXY_ONLY,Synthetic proxy generated from era-plausible veteran roster-bubble universe; not an observed LVE cut.,,,,2014 preseason/draft cut window proxy,,,2014 proxy stress-test context,60,19,,56,low prior-year proxy production,"PROXY ONLY. Use for stress testing/backtesting shape, never as historical truth."
2014,Dan Bailey,proxy_2014_040,K,DAL,27,PROXY_DROP,PROXY_ONLY,Synthetic proxy generated from era-plausible veteran roster-bubble universe; not an observed LVE cut.,,,,2014 preseason/draft cut window proxy,,,2014 proxy stress-test context,56,18,,70,replaceable position in keeper format; low prior-year proxy production,"PROXY ONLY. Use for stress testing/backtesting shape, never as historical truth."
2014,Darren McFadden,proxy_2014_003,RB,OAK,27,PROXY_DROP,PROXY_ONLY,Synthetic proxy generated from era-plausible veteran roster-bubble universe; not an observed LVE cut.,,,,2014 preseason/draft cut window proxy,,,2014 proxy stress-test context,148,49,,49,bench bubble profile under 10-team keeper constraints,"PROXY ONLY. Use for stress testing/backtesting shape, never as historical truth."
2014,DeAngelo Williams,proxy_2014_004,RB,CAR,31,PROXY_DROP,PROXY_ONLY,Synthetic proxy generated from era-plausible veteran roster-bubble universe; not an observed LVE cut.,,,,2014 preseason/draft cut window proxy,,,2014 proxy stress-test context,137,52,,58,age/decline pressure,"PROXY ONLY. Use for stress testing/backtesting shape, never as historical truth."
2014,DeSean Jackson,proxy_2014_017,WR,WAS,28,PROXY_DROP,PROXY_ONLY,Synthetic proxy generated from era-plausible veteran roster-bubble universe; not an observed LVE cut.,,,,2014 preseason/draft cut window proxy,,,2014 proxy stress-test context,114,79,,57,bench bubble profile under 10-team keeper constraints,"PROXY ONLY. Use for stress testing/backtesting shape, never as historical truth."
2014,Denver Broncos DEF,proxy_2014_034,DEF,DEN,,PROXY_DROP,PROXY_ONLY,Synthetic proxy generated from era-plausible veteran roster-bubble universe; not an observed LVE cut.,,,,2014 preseason/draft cut window proxy,,,2014 proxy stress-test context,18,28,,73,replaceable position in keeper format; low prior-year proxy production,"PROXY ONLY. Use for stress testing/backtesting shape, never as historical truth."
2014,Dwayne Allen,proxy_2014_012,TE,IND,25,PROXY_DROP,PROXY_ONLY,Synthetic proxy generated from era-plausible veteran roster-bubble universe; not an observed LVE cut.,,,,2014 preseason/draft cut window proxy,,,2014 proxy stress-test context,49,22,,58,low prior-year proxy production,"PROXY ONLY. Use for stress testing/backtesting shape, never as historical truth."
2014,Eric Decker,proxy_2014_018,WR,DEN,27,PROXY_DROP,PROXY_ONLY,Synthetic proxy generated from era-plausible veteran roster-bubble universe; not an observed LVE cut.,,,,2014 preseason/draft cut window proxy,,,2014 proxy stress-test context,103,82,,59,bench bubble profile under 10-team keeper constraints,"PROXY ONLY. Use for stress testing/backtesting shape, never as historical truth."
2014,Hakeem Nicks,proxy_2014_019,WR,NYG,27,PROXY_DROP,PROXY_ONLY,Synthetic proxy generated from era-plausible veteran roster-bubble universe; not an observed LVE cut.,,,,2014 preseason/draft cut window proxy,,,2014 proxy stress-test context,92,85,,60,bench bubble profile under 10-team keeper constraints,"PROXY ONLY. Use for stress testing/backtesting shape, never as historical truth."
2014,Jared Cook,proxy_2014_013,TE,TEN,27,PROXY_DROP,PROXY_ONLY,Synthetic proxy generated from era-plausible veteran roster-bubble universe; not an observed LVE cut.,,,,2014 preseason/draft cut window proxy,,,2014 proxy stress-test context,38,25,,59,low prior-year proxy production,"PROXY ONLY. Use for stress testing/backtesting shape, never as historical truth."
2014,Jeremy Maclin,proxy_2014_020,WR,PHI,26,PROXY_DROP,PROXY_ONLY,Synthetic proxy generated from era-plausible veteran roster-bubble universe; not an observed LVE cut.,,,,2014 preseason/draft cut window proxy,,,2014 proxy stress-test context,81,60,,48,low prior-year proxy production,"PROXY ONLY. Use for stress testing/backtesting shape, never as historical truth."
2014,Jerricho Cotchery,proxy_2014_021,WR,NYJ,32,PROXY_DROP,PROXY_ONLY,Synthetic proxy generated from era-plausible veteran roster-bubble universe; not an observed LVE cut.,,,,2014 preseason/draft cut window proxy,,,2014 proxy stress-test context,70,63,,60,age/decline pressure; low prior-year proxy production,"PROXY ONLY. Use for stress testing/backtesting shape, never as historical truth."
2014,Julius Thomas,proxy_2014_014,TE,DEN,26,PROXY_DROP,PROXY_ONLY,Synthetic proxy generated from era-plausible veteran roster-bubble universe; not an observed LVE cut.,,,,2014 preseason/draft cut window proxy,,,2014 proxy stress-test context,147,28,,52,bench bubble profile under 10-team keeper constraints,"PROXY ONLY. Use for stress testing/backtesting shape, never as historical truth."
2014,Kenny Britt,proxy_2014_022,WR,TEN,26,PROXY_DROP,PROXY_ONLY,Synthetic proxy generated from era-plausible veteran roster-bubble universe; not an observed LVE cut.,,,,2014 preseason/draft cut window proxy,,,2014 proxy stress-test context,59,66,,56,low prior-year proxy production,"PROXY ONLY. Use for stress testing/backtesting shape, never as historical truth."
2014,Knile Davis,proxy_2014_005,RB,KC,23,PROXY_DROP,PROXY_ONLY,Synthetic proxy generated from era-plausible veteran roster-bubble universe; not an observed LVE cut.,,,,2014 preseason/draft cut window proxy,,,2014 proxy stress-test context,126,55,,50,bench bubble profile under 10-team keeper constraints,"PROXY ONLY. Use for stress testing/backtesting shape, never as historical truth."
2014,Lance Moore,proxy_2014_023,WR,NO,31,PROXY_DROP,PROXY_ONLY,Synthetic proxy generated from era-plausible veteran roster-bubble universe; not an observed LVE cut.,,,,2014 preseason/draft cut window proxy,,,2014 proxy stress-test context,48,69,,61,age/decline pressure; low prior-year proxy production,"PROXY ONLY. Use for stress testing/backtesting shape, never as historical truth."
2014,Martellus Bennett,proxy_2014_015,TE,NYG,28,PROXY_DROP,PROXY_ONLY,Synthetic proxy generated from era-plausible veteran roster-bubble universe; not an observed LVE cut.,,,,2014 preseason/draft cut window proxy,,,2014 proxy stress-test context,136,31,,53,bench bubble profile under 10-team keeper constraints,"PROXY ONLY. Use for stress testing/backtesting shape, never as historical truth."
2014,Michael Crabtree,proxy_2014_024,WR,SF,27,PROXY_DROP,PROXY_ONLY,Synthetic proxy generated from era-plausible veteran roster-bubble universe; not an observed LVE cut.,,,,2014 preseason/draft cut window proxy,,,2014 proxy stress-test context,37,72,,59,low prior-year proxy production,"PROXY ONLY. Use for stress testing/backtesting shape, never as historical truth."
2014,Mike Wallace,proxy_2014_025,WR,MIA,28,PROXY_DROP,PROXY_ONLY,Synthetic proxy generated from era-plausible veteran roster-bubble universe; not an observed LVE cut.,,,,2014 preseason/draft cut window proxy,,,2014 proxy stress-test context,146,75,,51,bench bubble profile under 10-team keeper constraints,"PROXY ONLY. Use for stress testing/backtesting shape, never as historical truth."
2014,Miles Austin,proxy_2014_026,WR,DAL,30,PROXY_DROP,PROXY_ONLY,Synthetic proxy generated from era-plausible veteran roster-bubble universe; not an observed LVE cut.,,,,2014 preseason/draft cut window proxy,,,2014 proxy stress-test context,135,78,,55,age/decline pressure,"PROXY ONLY. Use for stress testing/backtesting shape, never as historical truth."
2014,Minnesota Vikings DEF,proxy_2014_035,DEF,MIN,,PROXY_DROP,PROXY_ONLY,Synthetic proxy generated from era-plausible veteran roster-bubble universe; not an observed LVE cut.,,,,2014 preseason/draft cut window proxy,,,2014 proxy stress-test context,18,31,,74,replaceable position in keeper format; low prior-year proxy production,"PROXY ONLY. Use for stress testing/backtesting shape, never as historical truth."
2014,New York Jets DEF,proxy_2014_036,DEF,NYJ,,PROXY_DROP,PROXY_ONLY,Synthetic proxy generated from era-plausible veteran roster-bubble universe; not an observed LVE cut.,,,,2014 preseason/draft cut window proxy,,,2014 proxy stress-test context,100,34,,71,replaceable position in keeper format,"PROXY ONLY. Use for stress testing/backtesting shape, never as historical truth."
2014,Owen Daniels,proxy_2014_016,TE,HOU,32,PROXY_DROP,PROXY_ONLY,Synthetic proxy generated from era-plausible veteran roster-bubble universe; not an observed LVE cut.,,,,2014 preseason/draft cut window proxy,,,2014 proxy stress-test context,125,34,,59,age/decline pressure,"PROXY ONLY. Use for stress testing/backtesting shape, never as historical truth."
2014,Percy Harvin,proxy_2014_027,WR,SEA,26,PROXY_DROP,PROXY_ONLY,Synthetic proxy generated from era-plausible veteran roster-bubble universe; not an observed LVE cut.,,,,2014 preseason/draft cut window proxy,,,2014 proxy stress-test context,124,81,,54,bench bubble profile under 10-team keeper constraints,"PROXY ONLY. Use for stress testing/backtesting shape, never as historical truth."
2014,Pierre Garcon,proxy_2014_028,WR,WAS,28,PROXY_DROP,PROXY_ONLY,Synthetic proxy generated from era-plausible veteran roster-bubble universe; not an observed LVE cut.,,,,2014 preseason/draft cut window proxy,,,2014 proxy stress-test context,113,84,,60,bench bubble profile under 10-team keeper constraints,"PROXY ONLY. Use for stress testing/backtesting shape, never as historical truth."
2014,Pittsburgh Steelers DEF,proxy_2014_037,DEF,PIT,,PROXY_DROP,PROXY_ONLY,Synthetic proxy generated from era-plausible veteran roster-bubble universe; not an observed LVE cut.,,,,2014 preseason/draft cut window proxy,,,2014 proxy stress-test context,89,37,,72,replaceable position in keeper format; low prior-year proxy production,"PROXY ONLY. Use for stress testing/backtesting shape, never as historical truth."
2014,Santana Moss,proxy_2014_029,WR,WAS,35,PROXY_DROP,PROXY_ONLY,Synthetic proxy generated from era-plausible veteran roster-bubble universe; not an observed LVE cut.,,,,2014 preseason/draft cut window proxy,,,2014 proxy stress-test context,102,59,,60,age/decline pressure,"PROXY ONLY. Use for stress testing/backtesting shape, never as historical truth."
2014,Shonn Greene,proxy_2014_006,RB,NYJ,29,PROXY_DROP,PROXY_ONLY,Synthetic proxy generated from era-plausible veteran roster-bubble universe; not an observed LVE cut.,,,,2014 preseason/draft cut window proxy,,,2014 proxy stress-test context,115,58,,61,age/decline pressure,"PROXY ONLY. Use for stress testing/backtesting shape, never as historical truth."
2014,Steven Jackson,proxy_2014_007,RB,ATL,31,PROXY_DROP,PROXY_ONLY,Synthetic proxy generated from era-plausible veteran roster-bubble universe; not an observed LVE cut.,,,,2014 preseason/draft cut window proxy,,,2014 proxy stress-test context,104,61,,67,age/decline pressure,"PROXY ONLY. Use for stress testing/backtesting shape, never as historical truth."
2014,Toby Gerhart,proxy_2014_008,RB,JAC,27,PROXY_DROP,PROXY_ONLY,Synthetic proxy generated from era-plausible veteran roster-bubble universe; not an observed LVE cut.,,,,2014 preseason/draft cut window proxy,,,2014 proxy stress-test context,93,64,,60,bench bubble profile under 10-team keeper constraints,"PROXY ONLY. Use for stress testing/backtesting shape, never as historical truth."
2014,Torrey Smith,proxy_2014_030,WR,BAL,25,PROXY_DROP,PROXY_ONLY,Synthetic proxy generated from era-plausible veteran roster-bubble universe; not an observed LVE cut.,,,,2014 preseason/draft cut window proxy,,,2014 proxy stress-test context,91,62,,49,bench bubble profile under 10-team keeper constraints,"PROXY ONLY. Use for stress testing/backtesting shape, never as historical truth."
2014,Tre Mason,proxy_2014_009,RB,STL,22,PROXY_DROP,PROXY_ONLY,Synthetic proxy generated from era-plausible veteran roster-bubble universe; not an observed LVE cut.,,,,2014 preseason/draft cut window proxy,,,2014 proxy stress-test context,82,67,,60,low prior-year proxy production,"PROXY ONLY. Use for stress testing/backtesting shape, never as historical truth."
2014,Victor Cruz,proxy_2014_031,WR,NYG,28,PROXY_DROP,PROXY_ONLY,Synthetic proxy generated from era-plausible veteran roster-bubble universe; not an observed LVE cut.,,,,2014 preseason/draft cut window proxy,,,2014 proxy stress-test context,80,65,,50,low prior-year proxy production,"PROXY ONLY. Use for stress testing/backtesting shape, never as historical truth."
2015,Adam Vinatieri,proxy_2015_028,K,IND,42,PROXY_DROP,PROXY_ONLY,Synthetic proxy generated from era-plausible veteran roster-bubble universe; not an observed LVE cut.,,,,2015 preseason/draft cut window proxy,,,2015 proxy stress-test context,67,39,,80,replaceable position in keeper format; low prior-year proxy production,"PROXY ONLY. Use for stress testing/backtesting shape, never as historical truth."
2015,Andy Dalton,proxy_2015_037,QB,CIN,28,PROXY_DROP,PROXY_ONLY,Synthetic proxy generated from era-plausible veteran roster-bubble universe; not an observed LVE cut.,,,,2015 preseason/draft cut window proxy,,,2015 proxy stress-test context,133,44,,63,backup/fringe QB in 1QB format,"PROXY ONLY. Use for stress testing/backtesting shape, never as historical truth."
2015,Baltimore Ravens DEF,proxy_2015_022,DEF,BAL,,PROXY_DROP,PROXY_ONLY,Synthetic proxy generated from era-plausible veteran roster-bubble universe; not an observed LVE cut.,,,,2015 preseason/draft cut window proxy,,,2015 proxy stress-test context,18,21,,69,replaceable position in keeper format; low prior-year proxy production,"PROXY ONLY. Use for stress testing/backtesting shape, never as historical truth."
2015,Blair Walsh,proxy_2015_029,K,MIN,26,PROXY_DROP,PROXY_ONLY,Synthetic proxy generated from era-plausible veteran roster-bubble universe; not an observed LVE cut.,,,,2015 preseason/draft cut window proxy,,,2015 proxy stress-test context,56,14,,68,replaceable position in keeper format; low prior-year proxy production,"PROXY ONLY. Use for stress testing/backtesting shape, never as historical truth."
2015,Blake Bortles,proxy_2015_038,QB,JAC,23,PROXY_DROP,PROXY_ONLY,Synthetic proxy generated from era-plausible veteran roster-bubble universe; not an observed LVE cut.,,,,2015 preseason/draft cut window proxy,,,2015 proxy stress-test context,122,19,,50,backup/fringe QB in 1QB format,"PROXY ONLY. Use for stress testing/backtesting shape, never as historical truth."
2015,Brandon Marshall,proxy_2015_009,WR,CHI,31,PROXY_DROP,PROXY_ONLY,Synthetic proxy generated from era-plausible veteran roster-bubble universe; not an observed LVE cut.,,,,2015 preseason/draft cut window proxy,,,2015 proxy stress-test context,81,84,,64,age/decline pressure; low prior-year proxy production,"PROXY ONLY. Use for stress testing/backtesting shape, never as historical truth."
2015,Brandon Pettigrew,proxy_2015_002,TE,DET,30,PROXY_DROP,PROXY_ONLY,Synthetic proxy generated from era-plausible veteran roster-bubble universe; not an observed LVE cut.,,,,2015 preseason/draft cut window proxy,,,2015 proxy stress-test context,38,21,,57,low prior-year proxy production,"PROXY ONLY. Use for stress testing/backtesting shape, never as historical truth."
2015,Carson Palmer,proxy_2015_039,QB,OAK,35,PROXY_DROP,PROXY_ONLY,Synthetic proxy generated from era-plausible veteran roster-bubble universe; not an observed LVE cut.,,,,2015 preseason/draft cut window proxy,,,2015 proxy stress-test context,111,22,,62,backup/fringe QB in 1QB format,"PROXY ONLY. Use for stress testing/backtesting shape, never as historical truth."
2015,Chicago Bears DEF,proxy_2015_023,DEF,CHI,,PROXY_DROP,PROXY_ONLY,Synthetic proxy generated from era-plausible veteran roster-bubble universe; not an observed LVE cut.,,,,2015 preseason/draft cut window proxy,,,2015 proxy stress-test context,18,24,,71,replaceable position in keeper format; low prior-year proxy production,"PROXY ONLY. Use for stress testing/backtesting shape, never as historical truth."
2015,Coby Fleener,proxy_2015_003,TE,IND,27,PROXY_DROP,PROXY_ONLY,Synthetic proxy generated from era-plausible veteran roster-bubble universe; not an observed LVE cut.,,,,2015 preseason/draft cut window proxy,,,2015 proxy stress-test context,147,24,,50,bench bubble profile under 10-team keeper constraints,"PROXY ONLY. Use for stress testing/backtesting shape, never as historical truth."
2015,Dan Bailey,proxy_2015_030,K,DAL,28,PROXY_DROP,PROXY_ONLY,Synthetic proxy generated from era-plausible veteran roster-bubble universe; not an observed LVE cut.,,,,2015 preseason/draft cut window proxy,,,2015 proxy stress-test context,45,17,,69,replaceable position in keeper format; low prior-year proxy production,"PROXY ONLY. Use for stress testing/backtesting shape, never as historical truth."
2015,DeSean Jackson,proxy_2015_010,WR,WAS,29,PROXY_DROP,PROXY_ONLY,Synthetic proxy generated from era-plausible veteran roster-bubble universe; not an observed LVE cut.,,,,2015 preseason/draft cut window proxy,,,2015 proxy stress-test context,70,59,,53,low prior-year proxy production,"PROXY ONLY. Use for stress testing/backtesting shape, never as historical truth."
2015,Denver Broncos DEF,proxy_2015_024,DEF,DEN,,PROXY_DROP,PROXY_ONLY,Synthetic proxy generated from era-plausible veteran roster-bubble universe; not an observed LVE cut.,,,,2015 preseason/draft cut window proxy,,,2015 proxy stress-test context,18,27,,72,replaceable position in keeper format; low prior-year proxy production,"PROXY ONLY. Use for stress testing/backtesting shape, never as historical truth."
2015,Dwayne Allen,proxy_2015_004,TE,IND,26,PROXY_DROP,PROXY_ONLY,Synthetic proxy generated from era-plausible veteran roster-bubble universe; not an observed LVE cut.,,,,2015 preseason/draft cut window proxy,,,2015 proxy stress-test context,136,27,,51,bench bubble profile under 10-team keeper constraints,"PROXY ONLY. Use for stress testing/backtesting shape, never as historical truth."
2015,Eric Decker,proxy_2015_011,WR,DEN,28,PROXY_DROP,PROXY_ONLY,Synthetic proxy generated from era-plausible veteran roster-bubble universe; not an observed LVE cut.,,,,2015 preseason/draft cut window proxy,,,2015 proxy stress-test context,59,62,,54,low prior-year proxy production,"PROXY ONLY. Use for stress testing/backtesting shape, never as historical truth."
2015,Hakeem Nicks,proxy_2015_012,WR,NYG,28,PROXY_DROP,PROXY_ONLY,Synthetic proxy generated from era-plausible veteran roster-bubble universe; not an observed LVE cut.,,,,2015 preseason/draft cut window proxy,,,2015 proxy stress-test context,48,65,,55,low prior-year proxy production,"PROXY ONLY. Use for stress testing/backtesting shape, never as historical truth."
2015,Jared Cook,proxy_2015_005,TE,TEN,28,PROXY_DROP,PROXY_ONLY,Synthetic proxy generated from era-plausible veteran roster-bubble universe; not an observed LVE cut.,,,,2015 preseason/draft cut window proxy,,,2015 proxy stress-test context,125,30,,53,bench bubble profile under 10-team keeper constraints,"PROXY ONLY. Use for stress testing/backtesting shape, never as historical truth."
2015,Jeremy Maclin,proxy_2015_013,WR,PHI,27,PROXY_DROP,PROXY_ONLY,Synthetic proxy generated from era-plausible veteran roster-bubble universe; not an observed LVE cut.,,,,2015 preseason/draft cut window proxy,,,2015 proxy stress-test context,37,68,,57,low prior-year proxy production,"PROXY ONLY. Use for stress testing/backtesting shape, never as historical truth."
2015,Jerricho Cotchery,proxy_2015_014,WR,NYJ,33,PROXY_DROP,PROXY_ONLY,Synthetic proxy generated from era-plausible veteran roster-bubble universe; not an observed LVE cut.,,,,2015 preseason/draft cut window proxy,,,2015 proxy stress-test context,146,71,,57,age/decline pressure,"PROXY ONLY. Use for stress testing/backtesting shape, never as historical truth."
2015,Joe Flacco,proxy_2015_040,QB,BAL,30,PROXY_DROP,PROXY_ONLY,Synthetic proxy generated from era-plausible veteran roster-bubble universe; not an observed LVE cut.,,,,2015 preseason/draft cut window proxy,,,2015 proxy stress-test context,100,25,,57,backup/fringe QB in 1QB format,"PROXY ONLY. Use for stress testing/backtesting shape, never as historical truth."
2015,Julius Thomas,proxy_2015_006,TE,DEN,27,PROXY_DROP,PROXY_ONLY,Synthetic proxy generated from era-plausible veteran roster-bubble universe; not an observed LVE cut.,,,,2015 preseason/draft cut window proxy,,,2015 proxy stress-test context,114,33,,58,bench bubble profile under 10-team keeper constraints,"PROXY ONLY. Use for stress testing/backtesting shape, never as historical truth."
2015,Kenny Britt,proxy_2015_015,WR,TEN,27,PROXY_DROP,PROXY_ONLY,Synthetic proxy generated from era-plausible veteran roster-bubble universe; not an observed LVE cut.,,,,2015 preseason/draft cut window proxy,,,2015 proxy stress-test context,135,74,,51,bench bubble profile under 10-team keeper constraints,"PROXY ONLY. Use for stress testing/backtesting shape, never as historical truth."
2015,Martellus Bennett,proxy_2015_007,TE,NYG,29,PROXY_DROP,PROXY_ONLY,Synthetic proxy generated from era-plausible veteran roster-bubble universe; not an observed LVE cut.,,,,2015 preseason/draft cut window proxy,,,2015 proxy stress-test context,103,36,,60,bench bubble profile under 10-team keeper constraints,"PROXY ONLY. Use for stress testing/backtesting shape, never as historical truth."
2015,Mason Crosby,proxy_2015_031,K,GB,31,PROXY_DROP,PROXY_ONLY,Synthetic proxy generated from era-plausible veteran roster-bubble universe; not an observed LVE cut.,,,,2015 preseason/draft cut window proxy,,,2015 proxy stress-test context,34,20,,71,replaceable position in keeper format; low prior-year proxy production,"PROXY ONLY. Use for stress testing/backtesting shape, never as historical truth."
2015,Matt Bryant,proxy_2015_032,K,ATL,40,PROXY_DROP,PROXY_ONLY,Synthetic proxy generated from era-plausible veteran roster-bubble universe; not an observed LVE cut.,,,,2015 preseason/draft cut window proxy,,,2015 proxy stress-test context,23,23,,72,replaceable position in keeper format; low prior-year proxy production,"PROXY ONLY. Use for stress testing/backtesting shape, never as historical truth."
2015,Michael Crabtree,proxy_2015_016,WR,SF,28,PROXY_DROP,PROXY_ONLY,Synthetic proxy generated from era-plausible veteran roster-bubble universe; not an observed LVE cut.,,,,2015 preseason/draft cut window proxy,,,2015 proxy stress-test context,124,77,,52,bench bubble profile under 10-team keeper constraints,"PROXY ONLY. Use for stress testing/backtesting shape, never as historical truth."
2015,Mike Wallace,proxy_2015_017,WR,MIA,29,PROXY_DROP,PROXY_ONLY,Synthetic proxy generated from era-plausible veteran roster-bubble universe; not an observed LVE cut.,,,,2015 preseason/draft cut window proxy,,,2015 proxy stress-test context,113,80,,58,bench bubble profile under 10-team keeper constraints,"PROXY ONLY. Use for stress testing/backtesting shape, never as historical truth."
2015,Minnesota Vikings DEF,proxy_2015_025,DEF,MIN,,PROXY_DROP,PROXY_ONLY,Synthetic proxy generated from era-plausible veteran roster-bubble universe; not an observed LVE cut.,,,,2015 preseason/draft cut window proxy,,,2015 proxy stress-test context,100,30,,69,replaceable position in keeper format,"PROXY ONLY. Use for stress testing/backtesting shape, never as historical truth."
2015,New York Jets DEF,proxy_2015_026,DEF,NYJ,,PROXY_DROP,PROXY_ONLY,Synthetic proxy generated from era-plausible veteran roster-bubble universe; not an observed LVE cut.,,,,2015 preseason/draft cut window proxy,,,2015 proxy stress-test context,89,33,,70,replaceable position in keeper format; low prior-year proxy production,"PROXY ONLY. Use for stress testing/backtesting shape, never as historical truth."
2015,Owen Daniels,proxy_2015_008,TE,HOU,33,PROXY_DROP,PROXY_ONLY,Synthetic proxy generated from era-plausible veteran roster-bubble universe; not an observed LVE cut.,,,,2015 preseason/draft cut window proxy,,,2015 proxy stress-test context,92,39,,67,age/decline pressure,"PROXY ONLY. Use for stress testing/backtesting shape, never as historical truth."
2015,Percy Harvin,proxy_2015_018,WR,SEA,27,PROXY_DROP,PROXY_ONLY,Synthetic proxy generated from era-plausible veteran roster-bubble universe; not an observed LVE cut.,,,,2015 preseason/draft cut window proxy,,,2015 proxy stress-test context,102,83,,59,bench bubble profile under 10-team keeper constraints,"PROXY ONLY. Use for stress testing/backtesting shape, never as historical truth."
2015,Phil Dawson,proxy_2015_033,K,CLE,40,PROXY_DROP,PROXY_ONLY,Synthetic proxy generated from era-plausible veteran roster-bubble universe; not an observed LVE cut.,,,,2015 preseason/draft cut window proxy,,,2015 proxy stress-test context,18,26,,74,replaceable position in keeper format; low prior-year proxy production,"PROXY ONLY. Use for stress testing/backtesting shape, never as historical truth."
2015,Pierre Garcon,proxy_2015_019,WR,WAS,29,PROXY_DROP,PROXY_ONLY,Synthetic proxy generated from era-plausible veteran roster-bubble universe; not an observed LVE cut.,,,,2015 preseason/draft cut window proxy,,,2015 proxy stress-test context,91,58,,48,bench bubble profile under 10-team keeper constraints,"PROXY ONLY. Use for stress testing/backtesting shape, never as historical truth."
2015,Pittsburgh Steelers DEF,proxy_2015_027,DEF,PIT,,PROXY_DROP,PROXY_ONLY,Synthetic proxy generated from era-plausible veteran roster-bubble universe; not an observed LVE cut.,,,,2015 preseason/draft cut window proxy,,,2015 proxy stress-test context,78,36,,77,replaceable position in keeper format; low prior-year proxy production,"PROXY ONLY. Use for stress testing/backtesting shape, never as historical truth."
2015,Robbie Gould,proxy_2015_034,K,CHI,33,PROXY_DROP,PROXY_ONLY,Synthetic proxy generated from era-plausible veteran roster-bubble universe; not an observed LVE cut.,,,,2015 preseason/draft cut window proxy,,,2015 proxy stress-test context,18,29,,75,replaceable position in keeper format; low prior-year proxy production,"PROXY ONLY. Use for stress testing/backtesting shape, never as historical truth."
2015,Sebastian Janikowski,proxy_2015_035,K,OAK,37,PROXY_DROP,PROXY_ONLY,Synthetic proxy generated from era-plausible veteran roster-bubble universe; not an observed LVE cut.,,,,2015 preseason/draft cut window proxy,,,2015 proxy stress-test context,110,32,,72,replaceable position in keeper format,"PROXY ONLY. Use for stress testing/backtesting shape, never as historical truth."
2015,Stephen Gostkowski,proxy_2015_036,K,NE,31,PROXY_DROP,PROXY_ONLY,Synthetic proxy generated from era-plausible veteran roster-bubble universe; not an observed LVE cut.,,,,2015 preseason/draft cut window proxy,,,2015 proxy stress-test context,99,35,,73,replaceable position in keeper format,"PROXY ONLY. Use for stress testing/backtesting shape, never as historical truth."
2015,Torrey Smith,proxy_2015_020,WR,BAL,26,PROXY_DROP,PROXY_ONLY,Synthetic proxy generated from era-plausible veteran roster-bubble universe; not an observed LVE cut.,,,,2015 preseason/draft cut window proxy,,,2015 proxy stress-test context,80,61,,48,low prior-year proxy production,"PROXY ONLY. Use for stress testing/backtesting shape, never as historical truth."
2015,Tre Mason,proxy_2015_001,RB,STL,23,PROXY_DROP,PROXY_ONLY,Synthetic proxy generated from era-plausible veteran roster-bubble universe; not an observed LVE cut.,,,,2015 preseason/draft cut window proxy,,,2015 proxy stress-test context,49,44,,54,low prior-year proxy production,"PROXY ONLY. Use for stress testing/backtesting shape, never as historical truth."
2015,Victor Cruz,proxy_2015_021,WR,NYG,29,PROXY_DROP,PROXY_ONLY,Synthetic proxy generated from era-plausible veteran roster-bubble universe; not an observed LVE cut.,,,,2015 preseason/draft cut window proxy,,,2015 proxy stress-test context,69,64,,55,low prior-year proxy production,"PROXY ONLY. Use for stress testing/backtesting shape, never as historical truth."
2016,Adam Vinatieri,proxy_2016_022,K,IND,43,PROXY_DROP,PROXY_ONLY,Synthetic proxy generated from era-plausible veteran roster-bubble universe; not an observed LVE cut.,,,,2016 preseason/draft cut window proxy,,,2016 proxy stress-test context,18,22,,72,replaceable position in keeper format; low prior-year proxy production,"PROXY ONLY. Use for stress testing/backtesting shape, never as historical truth."
2016,Alfred Morris,proxy_2016_039,RB,WAS,28,PROXY_DROP,PROXY_ONLY,Synthetic proxy generated from era-plausible veteran roster-bubble universe; not an observed LVE cut.,,,,2016 preseason/draft cut window proxy,,,2016 proxy stress-test context,110,47,,54,age/decline pressure,"PROXY ONLY. Use for stress testing/backtesting shape, never as historical truth."
2016,Andre Ellington,proxy_2016_040,RB,ARI,27,PROXY_DROP,PROXY_ONLY,Synthetic proxy generated from era-plausible veteran roster-bubble universe; not an observed LVE cut.,,,,2016 preseason/draft cut window proxy,,,2016 proxy stress-test context,99,50,,53,bench bubble profile under 10-team keeper constraints,"PROXY ONLY. Use for stress testing/backtesting shape, never as historical truth."
2016,Andy Dalton,proxy_2016_032,QB,CIN,29,PROXY_DROP,PROXY_ONLY,Synthetic proxy generated from era-plausible veteran roster-bubble universe; not an observed LVE cut.,,,,2016 preseason/draft cut window proxy,,,2016 proxy stress-test context,67,30,,65,backup/fringe QB in 1QB format; low prior-year proxy production,"PROXY ONLY. Use for stress testing/backtesting shape, never as historical truth."
2016,Baltimore Ravens DEF,proxy_2016_016,DEF,BAL,,PROXY_DROP,PROXY_ONLY,Synthetic proxy generated from era-plausible veteran roster-bubble universe; not an observed LVE cut.,,,,2016 preseason/draft cut window proxy,,,2016 proxy stress-test context,78,32,,75,replaceable position in keeper format; low prior-year proxy production,"PROXY ONLY. Use for stress testing/backtesting shape, never as historical truth."
2016,Blair Walsh,proxy_2016_023,K,MIN,27,PROXY_DROP,PROXY_ONLY,Synthetic proxy generated from era-plausible veteran roster-bubble universe; not an observed LVE cut.,,,,2016 preseason/draft cut window proxy,,,2016 proxy stress-test context,18,25,,73,replaceable position in keeper format; low prior-year proxy production,"PROXY ONLY. Use for stress testing/backtesting shape, never as historical truth."
2016,Blake Bortles,proxy_2016_033,QB,JAC,24,PROXY_DROP,PROXY_ONLY,Synthetic proxy generated from era-plausible veteran roster-bubble universe; not an observed LVE cut.,,,,2016 preseason/draft cut window proxy,,,2016 proxy stress-test context,56,33,,66,backup/fringe QB in 1QB format; low prior-year proxy production,"PROXY ONLY. Use for stress testing/backtesting shape, never as historical truth."
2016,Brandon Marshall,proxy_2016_003,WR,CHI,32,PROXY_DROP,PROXY_ONLY,Synthetic proxy generated from era-plausible veteran roster-bubble universe; not an observed LVE cut.,,,,2016 preseason/draft cut window proxy,,,2016 proxy stress-test context,146,67,,53,age/decline pressure,"PROXY ONLY. Use for stress testing/backtesting shape, never as historical truth."
2016,Cairo Santos,proxy_2016_024,K,KC,25,PROXY_DROP,PROXY_ONLY,Synthetic proxy generated from era-plausible veteran roster-bubble universe; not an observed LVE cut.,,,,2016 preseason/draft cut window proxy,,,2016 proxy stress-test context,110,28,,70,replaceable position in keeper format,"PROXY ONLY. Use for stress testing/backtesting shape, never as historical truth."
2016,Carson Palmer,proxy_2016_034,QB,OAK,36,PROXY_DROP,PROXY_ONLY,Synthetic proxy generated from era-plausible veteran roster-bubble universe; not an observed LVE cut.,,,,2016 preseason/draft cut window proxy,,,2016 proxy stress-test context,45,36,,76,backup/fringe QB in 1QB format; low prior-year proxy production,"PROXY ONLY. Use for stress testing/backtesting shape, never as historical truth."
2016,Chicago Bears DEF,proxy_2016_017,DEF,CHI,,PROXY_DROP,PROXY_ONLY,Synthetic proxy generated from era-plausible veteran roster-bubble universe; not an observed LVE cut.,,,,2016 preseason/draft cut window proxy,,,2016 proxy stress-test context,67,35,,76,replaceable position in keeper format; low prior-year proxy production,"PROXY ONLY. Use for stress testing/backtesting shape, never as historical truth."
2016,Dan Bailey,proxy_2016_025,K,DAL,29,PROXY_DROP,PROXY_ONLY,Synthetic proxy generated from era-plausible veteran roster-bubble universe; not an observed LVE cut.,,,,2016 preseason/draft cut window proxy,,,2016 proxy stress-test context,99,31,,71,replaceable position in keeper format,"PROXY ONLY. Use for stress testing/backtesting shape, never as historical truth."
2016,DeSean Jackson,proxy_2016_004,WR,WAS,30,PROXY_DROP,PROXY_ONLY,Synthetic proxy generated from era-plausible veteran roster-bubble universe; not an observed LVE cut.,,,,2016 preseason/draft cut window proxy,,,2016 proxy stress-test context,135,70,,51,age/decline pressure,"PROXY ONLY. Use for stress testing/backtesting shape, never as historical truth."
2016,Denver Broncos DEF,proxy_2016_018,DEF,DEN,,PROXY_DROP,PROXY_ONLY,Synthetic proxy generated from era-plausible veteran roster-bubble universe; not an observed LVE cut.,,,,2016 preseason/draft cut window proxy,,,2016 proxy stress-test context,56,38,,78,replaceable position in keeper format; low prior-year proxy production,"PROXY ONLY. Use for stress testing/backtesting shape, never as historical truth."
2016,Eric Decker,proxy_2016_005,WR,DEN,29,PROXY_DROP,PROXY_ONLY,Synthetic proxy generated from era-plausible veteran roster-bubble universe; not an observed LVE cut.,,,,2016 preseason/draft cut window proxy,,,2016 proxy stress-test context,124,73,,50,bench bubble profile under 10-team keeper constraints,"PROXY ONLY. Use for stress testing/backtesting shape, never as historical truth."
2016,Golden Tate,proxy_2016_006,WR,DET,28,PROXY_DROP,PROXY_ONLY,Synthetic proxy generated from era-plausible veteran roster-bubble universe; not an observed LVE cut.,,,,2016 preseason/draft cut window proxy,,,2016 proxy stress-test context,113,76,,56,bench bubble profile under 10-team keeper constraints,"PROXY ONLY. Use for stress testing/backtesting shape, never as historical truth."
2016,Jeremy Maclin,proxy_2016_007,WR,PHI,28,PROXY_DROP,PROXY_ONLY,Synthetic proxy generated from era-plausible veteran roster-bubble universe; not an observed LVE cut.,,,,2016 preseason/draft cut window proxy,,,2016 proxy stress-test context,102,79,,57,bench bubble profile under 10-team keeper constraints,"PROXY ONLY. Use for stress testing/backtesting shape, never as historical truth."
2016,Joe Flacco,proxy_2016_035,QB,BAL,31,PROXY_DROP,PROXY_ONLY,Synthetic proxy generated from era-plausible veteran roster-bubble universe; not an observed LVE cut.,,,,2016 preseason/draft cut window proxy,,,2016 proxy stress-test context,154,39,,60,backup/fringe QB in 1QB format,"PROXY ONLY. Use for stress testing/backtesting shape, never as historical truth."
2016,Julius Thomas,proxy_2016_001,TE,DEN,28,PROXY_DROP,PROXY_ONLY,Synthetic proxy generated from era-plausible veteran roster-bubble universe; not an observed LVE cut.,,,,2016 preseason/draft cut window proxy,,,2016 proxy stress-test context,48,19,,56,low prior-year proxy production,"PROXY ONLY. Use for stress testing/backtesting shape, never as historical truth."
2016,Kelvin Benjamin,proxy_2016_008,WR,CAR,25,PROXY_DROP,PROXY_ONLY,Synthetic proxy generated from era-plausible veteran roster-bubble universe; not an observed LVE cut.,,,,2016 preseason/draft cut window proxy,,,2016 proxy stress-test context,91,82,,59,bench bubble profile under 10-team keeper constraints,"PROXY ONLY. Use for stress testing/backtesting shape, never as historical truth."
2016,Kenny Britt,proxy_2016_009,WR,TEN,28,PROXY_DROP,PROXY_ONLY,Synthetic proxy generated from era-plausible veteran roster-bubble universe; not an observed LVE cut.,,,,2016 preseason/draft cut window proxy,,,2016 proxy stress-test context,80,85,,60,low prior-year proxy production,"PROXY ONLY. Use for stress testing/backtesting shape, never as historical truth."
2016,Martellus Bennett,proxy_2016_002,TE,NYG,30,PROXY_DROP,PROXY_ONLY,Synthetic proxy generated from era-plausible veteran roster-bubble universe; not an observed LVE cut.,,,,2016 preseason/draft cut window proxy,,,2016 proxy stress-test context,37,22,,58,low prior-year proxy production,"PROXY ONLY. Use for stress testing/backtesting shape, never as historical truth."
2016,Mason Crosby,proxy_2016_026,K,GB,32,PROXY_DROP,PROXY_ONLY,Synthetic proxy generated from era-plausible veteran roster-bubble universe; not an observed LVE cut.,,,,2016 preseason/draft cut window proxy,,,2016 proxy stress-test context,88,34,,73,replaceable position in keeper format; low prior-year proxy production,"PROXY ONLY. Use for stress testing/backtesting shape, never as historical truth."
2016,Matt Bryant,proxy_2016_027,K,ATL,41,PROXY_DROP,PROXY_ONLY,Synthetic proxy generated from era-plausible veteran roster-bubble universe; not an observed LVE cut.,,,,2016 preseason/draft cut window proxy,,,2016 proxy stress-test context,77,37,,79,replaceable position in keeper format; low prior-year proxy production,"PROXY ONLY. Use for stress testing/backtesting shape, never as historical truth."
2016,Matt Schaub,proxy_2016_036,QB,HOU,35,PROXY_DROP,PROXY_ONLY,Synthetic proxy generated from era-plausible veteran roster-bubble universe; not an observed LVE cut.,,,,2016 preseason/draft cut window proxy,,,2016 proxy stress-test context,143,42,,68,backup/fringe QB in 1QB format,"PROXY ONLY. Use for stress testing/backtesting shape, never as historical truth."
2016,Michael Crabtree,proxy_2016_010,WR,SF,29,PROXY_DROP,PROXY_ONLY,Synthetic proxy generated from era-plausible veteran roster-bubble universe; not an observed LVE cut.,,,,2016 preseason/draft cut window proxy,,,2016 proxy stress-test context,69,60,,53,low prior-year proxy production,"PROXY ONLY. Use for stress testing/backtesting shape, never as historical truth."
2016,Mike Wallace,proxy_2016_011,WR,MIA,30,PROXY_DROP,PROXY_ONLY,Synthetic proxy generated from era-plausible veteran roster-bubble universe; not an observed LVE cut.,,,,2016 preseason/draft cut window proxy,,,2016 proxy stress-test context,58,63,,56,age/decline pressure; low prior-year proxy production,"PROXY ONLY. Use for stress testing/backtesting shape, never as historical truth."
2016,Minnesota Vikings DEF,proxy_2016_019,DEF,MIN,,PROXY_DROP,PROXY_ONLY,Synthetic proxy generated from era-plausible veteran roster-bubble universe; not an observed LVE cut.,,,,2016 preseason/draft cut window proxy,,,2016 proxy stress-test context,45,13,,65,replaceable position in keeper format; low prior-year proxy production,"PROXY ONLY. Use for stress testing/backtesting shape, never as historical truth."
2016,New York Jets DEF,proxy_2016_020,DEF,NYJ,,PROXY_DROP,PROXY_ONLY,Synthetic proxy generated from era-plausible veteran roster-bubble universe; not an observed LVE cut.,,,,2016 preseason/draft cut window proxy,,,2016 proxy stress-test context,34,16,,67,replaceable position in keeper format; low prior-year proxy production,"PROXY ONLY. Use for stress testing/backtesting shape, never as historical truth."
2016,Percy Harvin,proxy_2016_012,WR,SEA,28,PROXY_DROP,PROXY_ONLY,Synthetic proxy generated from era-plausible veteran roster-bubble universe; not an observed LVE cut.,,,,2016 preseason/draft cut window proxy,,,2016 proxy stress-test context,47,66,,56,low prior-year proxy production,"PROXY ONLY. Use for stress testing/backtesting shape, never as historical truth."
2016,Phil Dawson,proxy_2016_028,K,CLE,41,PROXY_DROP,PROXY_ONLY,Synthetic proxy generated from era-plausible veteran roster-bubble universe; not an observed LVE cut.,,,,2016 preseason/draft cut window proxy,,,2016 proxy stress-test context,66,12,,67,replaceable position in keeper format; low prior-year proxy production,"PROXY ONLY. Use for stress testing/backtesting shape, never as historical truth."
2016,Pierre Garcon,proxy_2016_013,WR,WAS,30,PROXY_DROP,PROXY_ONLY,Synthetic proxy generated from era-plausible veteran roster-bubble universe; not an observed LVE cut.,,,,2016 preseason/draft cut window proxy,,,2016 proxy stress-test context,36,69,,59,age/decline pressure; low prior-year proxy production,"PROXY ONLY. Use for stress testing/backtesting shape, never as historical truth."
2016,Pittsburgh Steelers DEF,proxy_2016_021,DEF,PIT,,PROXY_DROP,PROXY_ONLY,Synthetic proxy generated from era-plausible veteran roster-bubble universe; not an observed LVE cut.,,,,2016 preseason/draft cut window proxy,,,2016 proxy stress-test context,23,19,,68,replaceable position in keeper format; low prior-year proxy production,"PROXY ONLY. Use for stress testing/backtesting shape, never as historical truth."
2016,Robbie Gould,proxy_2016_029,K,CHI,34,PROXY_DROP,PROXY_ONLY,Synthetic proxy generated from era-plausible veteran roster-bubble universe; not an observed LVE cut.,,,,2016 preseason/draft cut window proxy,,,2016 proxy stress-test context,55,15,,68,replaceable position in keeper format; low prior-year proxy production,"PROXY ONLY. Use for stress testing/backtesting shape, never as historical truth."
2016,Ryan Fitzpatrick,proxy_2016_037,QB,BUF,34,PROXY_DROP,PROXY_ONLY,Synthetic proxy generated from era-plausible veteran roster-bubble universe; not an observed LVE cut.,,,,2016 preseason/draft cut window proxy,,,2016 proxy stress-test context,132,45,,67,backup/fringe QB in 1QB format,"PROXY ONLY. Use for stress testing/backtesting shape, never as historical truth."
2016,Sam Bradford,proxy_2016_038,QB,STL,29,PROXY_DROP,PROXY_ONLY,Synthetic proxy generated from era-plausible veteran roster-bubble universe; not an observed LVE cut.,,,,2016 preseason/draft cut window proxy,,,2016 proxy stress-test context,121,20,,51,backup/fringe QB in 1QB format,"PROXY ONLY. Use for stress testing/backtesting shape, never as historical truth."
2016,Sebastian Janikowski,proxy_2016_030,K,OAK,38,PROXY_DROP,PROXY_ONLY,Synthetic proxy generated from era-plausible veteran roster-bubble universe; not an observed LVE cut.,,,,2016 preseason/draft cut window proxy,,,2016 proxy stress-test context,44,18,,70,replaceable position in keeper format; low prior-year proxy production,"PROXY ONLY. Use for stress testing/backtesting shape, never as historical truth."
2016,Stephen Gostkowski,proxy_2016_031,K,NE,32,PROXY_DROP,PROXY_ONLY,Synthetic proxy generated from era-plausible veteran roster-bubble universe; not an observed LVE cut.,,,,2016 preseason/draft cut window proxy,,,2016 proxy stress-test context,33,21,,71,replaceable position in keeper format; low prior-year proxy production,"PROXY ONLY. Use for stress testing/backtesting shape, never as historical truth."
2016,Torrey Smith,proxy_2016_014,WR,BAL,27,PROXY_DROP,PROXY_ONLY,Synthetic proxy generated from era-plausible veteran roster-bubble universe; not an observed LVE cut.,,,,2016 preseason/draft cut window proxy,,,2016 proxy stress-test context,145,72,,50,bench bubble profile under 10-team keeper constraints,"PROXY ONLY. Use for stress testing/backtesting shape, never as historical truth."
2016,Victor Cruz,proxy_2016_015,WR,NYG,30,PROXY_DROP,PROXY_ONLY,Synthetic proxy generated from era-plausible veteran roster-bubble universe; not an observed LVE cut.,,,,2016 preseason/draft cut window proxy,,,2016 proxy stress-test context,134,75,,53,age/decline pressure,"PROXY ONLY. Use for stress testing/backtesting shape, never as historical truth."
2017,Adam Vinatieri,proxy_2017_024,K,IND,44,PROXY_DROP,PROXY_ONLY,Synthetic proxy generated from era-plausible veteran roster-bubble universe; not an observed LVE cut.,,,,2017 preseason/draft cut window proxy,,,2017 proxy stress-test context,109,29,,70,replaceable position in keeper format,"PROXY ONLY. Use for stress testing/backtesting shape, never as historical truth."
2017,Andy Dalton,proxy_2017_034,QB,CIN,30,PROXY_DROP,PROXY_ONLY,Synthetic proxy generated from era-plausible veteran roster-bubble universe; not an observed LVE cut.,,,,2017 preseason/draft cut window proxy,,,2017 proxy stress-test context,44,37,,68,backup/fringe QB in 1QB format; low prior-year proxy production,"PROXY ONLY. Use for stress testing/backtesting shape, never as historical truth."
2017,Baltimore Ravens DEF,proxy_2017_016,DEF,BAL,,PROXY_DROP,PROXY_ONLY,Synthetic proxy generated from era-plausible veteran roster-bubble universe; not an observed LVE cut.,,,,2017 preseason/draft cut window proxy,,,2017 proxy stress-test context,77,33,,75,replaceable position in keeper format; low prior-year proxy production,"PROXY ONLY. Use for stress testing/backtesting shape, never as historical truth."
2017,Blair Walsh,proxy_2017_025,K,MIN,28,PROXY_DROP,PROXY_ONLY,Synthetic proxy generated from era-plausible veteran roster-bubble universe; not an observed LVE cut.,,,,2017 preseason/draft cut window proxy,,,2017 proxy stress-test context,98,32,,72,replaceable position in keeper format,"PROXY ONLY. Use for stress testing/backtesting shape, never as historical truth."
2017,Blake Bortles,proxy_2017_035,QB,JAC,25,PROXY_DROP,PROXY_ONLY,Synthetic proxy generated from era-plausible veteran roster-bubble universe; not an observed LVE cut.,,,,2017 preseason/draft cut window proxy,,,2017 proxy stress-test context,153,40,,61,backup/fringe QB in 1QB format,"PROXY ONLY. Use for stress testing/backtesting shape, never as historical truth."
2017,Cairo Santos,proxy_2017_026,K,KC,26,PROXY_DROP,PROXY_ONLY,Synthetic proxy generated from era-plausible veteran roster-bubble universe; not an observed LVE cut.,,,,2017 preseason/draft cut window proxy,,,2017 proxy stress-test context,87,35,,73,replaceable position in keeper format; low prior-year proxy production,"PROXY ONLY. Use for stress testing/backtesting shape, never as historical truth."
2017,Carson Palmer,proxy_2017_036,QB,OAK,37,PROXY_DROP,PROXY_ONLY,Synthetic proxy generated from era-plausible veteran roster-bubble universe; not an observed LVE cut.,,,,2017 preseason/draft cut window proxy,,,2017 proxy stress-test context,142,43,,72,backup/fringe QB in 1QB format,"PROXY ONLY. Use for stress testing/backtesting shape, never as historical truth."
2017,Chicago Bears DEF,proxy_2017_017,DEF,CHI,,PROXY_DROP,PROXY_ONLY,Synthetic proxy generated from era-plausible veteran roster-bubble universe; not an observed LVE cut.,,,,2017 preseason/draft cut window proxy,,,2017 proxy stress-test context,66,36,,77,replaceable position in keeper format; low prior-year proxy production,"PROXY ONLY. Use for stress testing/backtesting shape, never as historical truth."
2017,Corey Coleman,proxy_2017_001,WR,CLE,24,PROXY_DROP,PROXY_ONLY,Synthetic proxy generated from era-plausible veteran roster-bubble universe; not an observed LVE cut.,,,,2017 preseason/draft cut window proxy,,,2017 proxy stress-test context,47,62,,54,low prior-year proxy production,"PROXY ONLY. Use for stress testing/backtesting shape, never as historical truth."
2017,Dan Bailey,proxy_2017_027,K,DAL,30,PROXY_DROP,PROXY_ONLY,Synthetic proxy generated from era-plausible veteran roster-bubble universe; not an observed LVE cut.,,,,2017 preseason/draft cut window proxy,,,2017 proxy stress-test context,76,38,,80,replaceable position in keeper format; low prior-year proxy production,"PROXY ONLY. Use for stress testing/backtesting shape, never as historical truth."
2017,DeSean Jackson,proxy_2017_002,WR,WAS,31,PROXY_DROP,PROXY_ONLY,Synthetic proxy generated from era-plausible veteran roster-bubble universe; not an observed LVE cut.,,,,2017 preseason/draft cut window proxy,,,2017 proxy stress-test context,36,65,,59,age/decline pressure; low prior-year proxy production,"PROXY ONLY. Use for stress testing/backtesting shape, never as historical truth."
2017,Denver Broncos DEF,proxy_2017_018,DEF,DEN,,PROXY_DROP,PROXY_ONLY,Synthetic proxy generated from era-plausible veteran roster-bubble universe; not an observed LVE cut.,,,,2017 preseason/draft cut window proxy,,,2017 proxy stress-test context,55,39,,78,replaceable position in keeper format; low prior-year proxy production,"PROXY ONLY. Use for stress testing/backtesting shape, never as historical truth."
2017,Eric Decker,proxy_2017_003,WR,DEN,30,PROXY_DROP,PROXY_ONLY,Synthetic proxy generated from era-plausible veteran roster-bubble universe; not an observed LVE cut.,,,,2017 preseason/draft cut window proxy,,,2017 proxy stress-test context,145,68,,50,age/decline pressure,"PROXY ONLY. Use for stress testing/backtesting shape, never as historical truth."
2017,Golden Tate,proxy_2017_004,WR,DET,29,PROXY_DROP,PROXY_ONLY,Synthetic proxy generated from era-plausible veteran roster-bubble universe; not an observed LVE cut.,,,,2017 preseason/draft cut window proxy,,,2017 proxy stress-test context,134,71,,49,bench bubble profile under 10-team keeper constraints,"PROXY ONLY. Use for stress testing/backtesting shape, never as historical truth."
2017,Jacksonville Jaguars DEF,proxy_2017_019,DEF,JAC,,PROXY_DROP,PROXY_ONLY,Synthetic proxy generated from era-plausible veteran roster-bubble universe; not an observed LVE cut.,,,,2017 preseason/draft cut window proxy,,,2017 proxy stress-test context,44,14,,66,replaceable position in keeper format; low prior-year proxy production,"PROXY ONLY. Use for stress testing/backtesting shape, never as historical truth."
2017,Jeremy Maclin,proxy_2017_005,WR,PHI,29,PROXY_DROP,PROXY_ONLY,Synthetic proxy generated from era-plausible veteran roster-bubble universe; not an observed LVE cut.,,,,2017 preseason/draft cut window proxy,,,2017 proxy stress-test context,123,74,,51,bench bubble profile under 10-team keeper constraints,"PROXY ONLY. Use for stress testing/backtesting shape, never as historical truth."
2017,Joe Flacco,proxy_2017_037,QB,BAL,32,PROXY_DROP,PROXY_ONLY,Synthetic proxy generated from era-plausible veteran roster-bubble universe; not an observed LVE cut.,,,,2017 preseason/draft cut window proxy,,,2017 proxy stress-test context,131,18,,50,backup/fringe QB in 1QB format,"PROXY ONLY. Use for stress testing/backtesting shape, never as historical truth."
2017,Jordan Matthews,proxy_2017_006,WR,PHI,25,PROXY_DROP,PROXY_ONLY,Synthetic proxy generated from era-plausible veteran roster-bubble universe; not an observed LVE cut.,,,,2017 preseason/draft cut window proxy,,,2017 proxy stress-test context,112,77,,56,bench bubble profile under 10-team keeper constraints,"PROXY ONLY. Use for stress testing/backtesting shape, never as historical truth."
2017,Kelvin Benjamin,proxy_2017_007,WR,CAR,26,PROXY_DROP,PROXY_ONLY,Synthetic proxy generated from era-plausible veteran roster-bubble universe; not an observed LVE cut.,,,,2017 preseason/draft cut window proxy,,,2017 proxy stress-test context,101,80,,58,bench bubble profile under 10-team keeper constraints,"PROXY ONLY. Use for stress testing/backtesting shape, never as historical truth."
2017,Kenny Britt,proxy_2017_008,WR,TEN,29,PROXY_DROP,PROXY_ONLY,Synthetic proxy generated from era-plausible veteran roster-bubble universe; not an observed LVE cut.,,,,2017 preseason/draft cut window proxy,,,2017 proxy stress-test context,90,83,,59,bench bubble profile under 10-team keeper constraints,"PROXY ONLY. Use for stress testing/backtesting shape, never as historical truth."
2017,Los Angeles Rams DEF,proxy_2017_020,DEF,LAR,,PROXY_DROP,PROXY_ONLY,Synthetic proxy generated from era-plausible veteran roster-bubble universe; not an observed LVE cut.,,,,2017 preseason/draft cut window proxy,,,2017 proxy stress-test context,33,17,,67,replaceable position in keeper format; low prior-year proxy production,"PROXY ONLY. Use for stress testing/backtesting shape, never as historical truth."
2017,Marcus Mariota,proxy_2017_038,QB,TEN,24,PROXY_DROP,PROXY_ONLY,Synthetic proxy generated from era-plausible veteran roster-bubble universe; not an observed LVE cut.,,,,2017 preseason/draft cut window proxy,,,2017 proxy stress-test context,120,21,,51,backup/fringe QB in 1QB format,"PROXY ONLY. Use for stress testing/backtesting shape, never as historical truth."
2017,Mason Crosby,proxy_2017_028,K,GB,33,PROXY_DROP,PROXY_ONLY,Synthetic proxy generated from era-plausible veteran roster-bubble universe; not an observed LVE cut.,,,,2017 preseason/draft cut window proxy,,,2017 proxy stress-test context,65,13,,67,replaceable position in keeper format; low prior-year proxy production,"PROXY ONLY. Use for stress testing/backtesting shape, never as historical truth."
2017,Matt Bryant,proxy_2017_029,K,ATL,42,PROXY_DROP,PROXY_ONLY,Synthetic proxy generated from era-plausible veteran roster-bubble universe; not an observed LVE cut.,,,,2017 preseason/draft cut window proxy,,,2017 proxy stress-test context,54,16,,69,replaceable position in keeper format; low prior-year proxy production,"PROXY ONLY. Use for stress testing/backtesting shape, never as historical truth."
2017,Michael Crabtree,proxy_2017_009,WR,SF,30,PROXY_DROP,PROXY_ONLY,Synthetic proxy generated from era-plausible veteran roster-bubble universe; not an observed LVE cut.,,,,2017 preseason/draft cut window proxy,,,2017 proxy stress-test context,79,58,,55,age/decline pressure; low prior-year proxy production,"PROXY ONLY. Use for stress testing/backtesting shape, never as historical truth."
2017,Mike Wallace,proxy_2017_010,WR,MIA,31,PROXY_DROP,PROXY_ONLY,Synthetic proxy generated from era-plausible veteran roster-bubble universe; not an observed LVE cut.,,,,2017 preseason/draft cut window proxy,,,2017 proxy stress-test context,68,61,,57,age/decline pressure; low prior-year proxy production,"PROXY ONLY. Use for stress testing/backtesting shape, never as historical truth."
2017,Minnesota Vikings DEF,proxy_2017_021,DEF,MIN,,PROXY_DROP,PROXY_ONLY,Synthetic proxy generated from era-plausible veteran roster-bubble universe; not an observed LVE cut.,,,,2017 preseason/draft cut window proxy,,,2017 proxy stress-test context,22,20,,69,replaceable position in keeper format; low prior-year proxy production,"PROXY ONLY. Use for stress testing/backtesting shape, never as historical truth."
2017,New York Jets DEF,proxy_2017_022,DEF,NYJ,,PROXY_DROP,PROXY_ONLY,Synthetic proxy generated from era-plausible veteran roster-bubble universe; not an observed LVE cut.,,,,2017 preseason/draft cut window proxy,,,2017 proxy stress-test context,18,23,,70,replaceable position in keeper format; low prior-year proxy production,"PROXY ONLY. Use for stress testing/backtesting shape, never as historical truth."
2017,Phil Dawson,proxy_2017_030,K,CLE,42,PROXY_DROP,PROXY_ONLY,Synthetic proxy generated from era-plausible veteran roster-bubble universe; not an observed LVE cut.,,,,2017 preseason/draft cut window proxy,,,2017 proxy stress-test context,43,19,,70,replaceable position in keeper format; low prior-year proxy production,"PROXY ONLY. Use for stress testing/backtesting shape, never as historical truth."
2017,Pierre Garcon,proxy_2017_011,WR,WAS,31,PROXY_DROP,PROXY_ONLY,Synthetic proxy generated from era-plausible veteran roster-bubble universe; not an observed LVE cut.,,,,2017 preseason/draft cut window proxy,,,2017 proxy stress-test context,57,64,,59,age/decline pressure; low prior-year proxy production,"PROXY ONLY. Use for stress testing/backtesting shape, never as historical truth."
2017,Pittsburgh Steelers DEF,proxy_2017_023,DEF,PIT,,PROXY_DROP,PROXY_ONLY,Synthetic proxy generated from era-plausible veteran roster-bubble universe; not an observed LVE cut.,,,,2017 preseason/draft cut window proxy,,,2017 proxy stress-test context,18,26,,72,replaceable position in keeper format; low prior-year proxy production,"PROXY ONLY. Use for stress testing/backtesting shape, never as historical truth."
2017,Randall Cobb,proxy_2017_012,WR,GB,27,PROXY_DROP,PROXY_ONLY,Synthetic proxy generated from era-plausible veteran roster-bubble universe; not an observed LVE cut.,,,,2017 preseason/draft cut window proxy,,,2017 proxy stress-test context,46,67,,56,low prior-year proxy production,"PROXY ONLY. Use for stress testing/backtesting shape, never as historical truth."
2017,Rishard Matthews,proxy_2017_013,WR,TEN,27,PROXY_DROP,PROXY_ONLY,Synthetic proxy generated from era-plausible veteran roster-bubble universe; not an observed LVE cut.,,,,2017 preseason/draft cut window proxy,,,2017 proxy stress-test context,155,70,,49,bench bubble profile under 10-team keeper constraints,"PROXY ONLY. Use for stress testing/backtesting shape, never as historical truth."
2017,Robbie Gould,proxy_2017_031,K,CHI,35,PROXY_DROP,PROXY_ONLY,Synthetic proxy generated from era-plausible veteran roster-bubble universe; not an observed LVE cut.,,,,2017 preseason/draft cut window proxy,,,2017 proxy stress-test context,32,22,,72,replaceable position in keeper format; low prior-year proxy production,"PROXY ONLY. Use for stress testing/backtesting shape, never as historical truth."
2017,Ryan Fitzpatrick,proxy_2017_039,QB,BUF,35,PROXY_DROP,PROXY_ONLY,Synthetic proxy generated from era-plausible veteran roster-bubble universe; not an observed LVE cut.,,,,2017 preseason/draft cut window proxy,,,2017 proxy stress-test context,109,24,,63,backup/fringe QB in 1QB format,"PROXY ONLY. Use for stress testing/backtesting shape, never as historical truth."
2017,Sam Bradford,proxy_2017_040,QB,STL,30,PROXY_DROP,PROXY_ONLY,Synthetic proxy generated from era-plausible veteran roster-bubble universe; not an observed LVE cut.,,,,2017 preseason/draft cut window proxy,,,2017 proxy stress-test context,98,27,,58,backup/fringe QB in 1QB format,"PROXY ONLY. Use for stress testing/backtesting shape, never as historical truth."
2017,Sebastian Janikowski,proxy_2017_032,K,OAK,39,PROXY_DROP,PROXY_ONLY,Synthetic proxy generated from era-plausible veteran roster-bubble universe; not an observed LVE cut.,,,,2017 preseason/draft cut window proxy,,,2017 proxy stress-test context,21,25,,73,replaceable position in keeper format; low prior-year proxy production,"PROXY ONLY. Use for stress testing/backtesting shape, never as historical truth."
2017,Stephen Gostkowski,proxy_2017_033,K,NE,33,PROXY_DROP,PROXY_ONLY,Synthetic proxy generated from era-plausible veteran roster-bubble universe; not an observed LVE cut.,,,,2017 preseason/draft cut window proxy,,,2017 proxy stress-test context,18,28,,75,replaceable position in keeper format; low prior-year proxy production,"PROXY ONLY. Use for stress testing/backtesting shape, never as historical truth."
2017,Terrelle Pryor,proxy_2017_014,WR,WAS,28,PROXY_DROP,PROXY_ONLY,Synthetic proxy generated from era-plausible veteran roster-bubble universe; not an observed LVE cut.,,,,2017 preseason/draft cut window proxy,,,2017 proxy stress-test context,144,73,,50,bench bubble profile under 10-team keeper constraints,"PROXY ONLY. Use for stress testing/backtesting shape, never as historical truth."
2017,Torrey Smith,proxy_2017_015,WR,BAL,28,PROXY_DROP,PROXY_ONLY,Synthetic proxy generated from era-plausible veteran roster-bubble universe; not an observed LVE cut.,,,,2017 preseason/draft cut window proxy,,,2017 proxy stress-test context,133,76,,52,bench bubble profile under 10-team keeper constraints,"PROXY ONLY. Use for stress testing/backtesting shape, never as historical truth."
2018,Adam Vinatieri,proxy_2018_013,K,IND,45,PROXY_DROP,PROXY_ONLY,Synthetic proxy generated from era-plausible veteran roster-bubble universe; not an observed LVE cut.,,,,2018 preseason/draft cut window proxy,,,2018 proxy stress-test context,109,25,,68,replaceable position in keeper format,"PROXY ONLY. Use for stress testing/backtesting shape, never as historical truth."
2018,Alfred Morris,proxy_2018_030,RB,WAS,30,PROXY_DROP,PROXY_ONLY,Synthetic proxy generated from era-plausible veteran roster-bubble universe; not an observed LVE cut.,,,,2018 preseason/draft cut window proxy,,,2018 proxy stress-test context,87,50,,59,age/decline pressure; low prior-year proxy production,"PROXY ONLY. Use for stress testing/backtesting shape, never as historical truth."
2018,Andy Dalton,proxy_2018_022,QB,CIN,31,PROXY_DROP,PROXY_ONLY,Synthetic proxy generated from era-plausible veteran roster-bubble universe; not an observed LVE cut.,,,,2018 preseason/draft cut window proxy,,,2018 proxy stress-test context,55,30,,65,backup/fringe QB in 1QB format; low prior-year proxy production,"PROXY ONLY. Use for stress testing/backtesting shape, never as historical truth."
2018,Austin Seferian-Jenkins,proxy_2018_039,TE,TB,26,PROXY_DROP,PROXY_ONLY,Synthetic proxy generated from era-plausible veteran roster-bubble universe; not an observed LVE cut.,,,,2018 preseason/draft cut window proxy,,,2018 proxy stress-test context,108,23,,53,bench bubble profile under 10-team keeper constraints,"PROXY ONLY. Use for stress testing/backtesting shape, never as historical truth."
2018,Baltimore Ravens DEF,proxy_2018_005,DEF,BAL,,PROXY_DROP,PROXY_ONLY,Synthetic proxy generated from era-plausible veteran roster-bubble universe; not an observed LVE cut.,,,,2018 preseason/draft cut window proxy,,,2018 proxy stress-test context,77,29,,73,replaceable position in keeper format; low prior-year proxy production,"PROXY ONLY. Use for stress testing/backtesting shape, never as historical truth."
2018,Blake Bortles,proxy_2018_023,QB,JAC,26,PROXY_DROP,PROXY_ONLY,Synthetic proxy generated from era-plausible veteran roster-bubble universe; not an observed LVE cut.,,,,2018 preseason/draft cut window proxy,,,2018 proxy stress-test context,44,33,,66,backup/fringe QB in 1QB format; low prior-year proxy production,"PROXY ONLY. Use for stress testing/backtesting shape, never as historical truth."
2018,C.J. Anderson,proxy_2018_031,RB,DEN,28,PROXY_DROP,PROXY_ONLY,Synthetic proxy generated from era-plausible veteran roster-bubble universe; not an observed LVE cut.,,,,2018 preseason/draft cut window proxy,,,2018 proxy stress-test context,76,53,,62,age/decline pressure; low prior-year proxy production,"PROXY ONLY. Use for stress testing/backtesting shape, never as historical truth."
2018,Cairo Santos,proxy_2018_014,K,KC,27,PROXY_DROP,PROXY_ONLY,Synthetic proxy generated from era-plausible veteran roster-bubble universe; not an observed LVE cut.,,,,2018 preseason/draft cut window proxy,,,2018 proxy stress-test context,98,28,,70,replaceable position in keeper format,"PROXY ONLY. Use for stress testing/backtesting shape, never as historical truth."
2018,Cameron Brate,proxy_2018_040,TE,TB,27,PROXY_DROP,PROXY_ONLY,Synthetic proxy generated from era-plausible veteran roster-bubble universe; not an observed LVE cut.,,,,2018 preseason/draft cut window proxy,,,2018 proxy stress-test context,97,26,,55,bench bubble profile under 10-team keeper constraints,"PROXY ONLY. Use for stress testing/backtesting shape, never as historical truth."
2018,Case Keenum,proxy_2018_024,QB,DEN,30,PROXY_DROP,PROXY_ONLY,Synthetic proxy generated from era-plausible veteran roster-bubble universe; not an observed LVE cut.,,,,2018 preseason/draft cut window proxy,,,2018 proxy stress-test context,153,36,,59,backup/fringe QB in 1QB format,"PROXY ONLY. Use for stress testing/backtesting shape, never as historical truth."
2018,Chicago Bears DEF,proxy_2018_006,DEF,CHI,,PROXY_DROP,PROXY_ONLY,Synthetic proxy generated from era-plausible veteran roster-bubble universe; not an observed LVE cut.,,,,2018 preseason/draft cut window proxy,,,2018 proxy stress-test context,66,32,,75,replaceable position in keeper format; low prior-year proxy production,"PROXY ONLY. Use for stress testing/backtesting shape, never as historical truth."
2018,Dan Bailey,proxy_2018_015,K,DAL,31,PROXY_DROP,PROXY_ONLY,Synthetic proxy generated from era-plausible veteran roster-bubble universe; not an observed LVE cut.,,,,2018 preseason/draft cut window proxy,,,2018 proxy stress-test context,87,31,,71,replaceable position in keeper format; low prior-year proxy production,"PROXY ONLY. Use for stress testing/backtesting shape, never as historical truth."
2018,Denver Broncos DEF,proxy_2018_007,DEF,DEN,,PROXY_DROP,PROXY_ONLY,Synthetic proxy generated from era-plausible veteran roster-bubble universe; not an observed LVE cut.,,,,2018 preseason/draft cut window proxy,,,2018 proxy stress-test context,55,35,,76,replaceable position in keeper format; low prior-year proxy production,"PROXY ONLY. Use for stress testing/backtesting shape, never as historical truth."
2018,Doug Martin,proxy_2018_032,RB,TB,29,PROXY_DROP,PROXY_ONLY,Synthetic proxy generated from era-plausible veteran roster-bubble universe; not an observed LVE cut.,,,,2018 preseason/draft cut window proxy,,,2018 proxy stress-test context,65,56,,65,age/decline pressure; low prior-year proxy production,"PROXY ONLY. Use for stress testing/backtesting shape, never as historical truth."
2018,Jacksonville Jaguars DEF,proxy_2018_008,DEF,JAC,,PROXY_DROP,PROXY_ONLY,Synthetic proxy generated from era-plausible veteran roster-bubble universe; not an observed LVE cut.,,,,2018 preseason/draft cut window proxy,,,2018 proxy stress-test context,44,38,,78,replaceable position in keeper format; low prior-year proxy production,"PROXY ONLY. Use for stress testing/backtesting shape, never as historical truth."
2018,Jay Ajayi,proxy_2018_033,RB,PHI,25,PROXY_DROP,PROXY_ONLY,Synthetic proxy generated from era-plausible veteran roster-bubble universe; not an observed LVE cut.,,,,2018 preseason/draft cut window proxy,,,2018 proxy stress-test context,54,59,,61,low prior-year proxy production,"PROXY ONLY. Use for stress testing/backtesting shape, never as historical truth."
2018,Jeremy Hill,proxy_2018_034,RB,CIN,26,PROXY_DROP,PROXY_ONLY,Synthetic proxy generated from era-plausible veteran roster-bubble universe; not an observed LVE cut.,,,,2018 preseason/draft cut window proxy,,,2018 proxy stress-test context,43,62,,62,low prior-year proxy production,"PROXY ONLY. Use for stress testing/backtesting shape, never as historical truth."
2018,Joe Flacco,proxy_2018_025,QB,BAL,33,PROXY_DROP,PROXY_ONLY,Synthetic proxy generated from era-plausible veteran roster-bubble universe; not an observed LVE cut.,,,,2018 preseason/draft cut window proxy,,,2018 proxy stress-test context,142,39,,62,backup/fringe QB in 1QB format,"PROXY ONLY. Use for stress testing/backtesting shape, never as historical truth."
2018,Latavius Murray,proxy_2018_035,RB,OAK,28,PROXY_DROP,PROXY_ONLY,Synthetic proxy generated from era-plausible veteran roster-bubble universe; not an observed LVE cut.,,,,2018 preseason/draft cut window proxy,,,2018 proxy stress-test context,152,65,,59,age/decline pressure,"PROXY ONLY. Use for stress testing/backtesting shape, never as historical truth."
2018,Los Angeles Rams DEF,proxy_2018_009,DEF,LAR,,PROXY_DROP,PROXY_ONLY,Synthetic proxy generated from era-plausible veteran roster-bubble universe; not an observed LVE cut.,,,,2018 preseason/draft cut window proxy,,,2018 proxy stress-test context,33,13,,65,replaceable position in keeper format; low prior-year proxy production,"PROXY ONLY. Use for stress testing/backtesting shape, never as historical truth."
2018,Marcus Mariota,proxy_2018_026,QB,TEN,25,PROXY_DROP,PROXY_ONLY,Synthetic proxy generated from era-plausible veteran roster-bubble universe; not an observed LVE cut.,,,,2018 preseason/draft cut window proxy,,,2018 proxy stress-test context,131,42,,62,backup/fringe QB in 1QB format,"PROXY ONLY. Use for stress testing/backtesting shape, never as historical truth."
2018,Mason Crosby,proxy_2018_016,K,GB,34,PROXY_DROP,PROXY_ONLY,Synthetic proxy generated from era-plausible veteran roster-bubble universe; not an observed LVE cut.,,,,2018 preseason/draft cut window proxy,,,2018 proxy stress-test context,76,34,,78,replaceable position in keeper format; low prior-year proxy production,"PROXY ONLY. Use for stress testing/backtesting shape, never as historical truth."
2018,Matt Bryant,proxy_2018_017,K,ATL,43,PROXY_DROP,PROXY_ONLY,Synthetic proxy generated from era-plausible veteran roster-bubble universe; not an observed LVE cut.,,,,2018 preseason/draft cut window proxy,,,2018 proxy stress-test context,65,37,,79,replaceable position in keeper format; low prior-year proxy production,"PROXY ONLY. Use for stress testing/backtesting shape, never as historical truth."
2018,Minnesota Vikings DEF,proxy_2018_010,DEF,MIN,,PROXY_DROP,PROXY_ONLY,Synthetic proxy generated from era-plausible veteran roster-bubble universe; not an observed LVE cut.,,,,2018 preseason/draft cut window proxy,,,2018 proxy stress-test context,22,16,,67,replaceable position in keeper format; low prior-year proxy production,"PROXY ONLY. Use for stress testing/backtesting shape, never as historical truth."
2018,New York Jets DEF,proxy_2018_011,DEF,NYJ,,PROXY_DROP,PROXY_ONLY,Synthetic proxy generated from era-plausible veteran roster-bubble universe; not an observed LVE cut.,,,,2018 preseason/draft cut window proxy,,,2018 proxy stress-test context,18,19,,68,replaceable position in keeper format; low prior-year proxy production,"PROXY ONLY. Use for stress testing/backtesting shape, never as historical truth."
2018,Nick Foles,proxy_2018_027,QB,PHI,29,PROXY_DROP,PROXY_ONLY,Synthetic proxy generated from era-plausible veteran roster-bubble universe; not an observed LVE cut.,,,,2018 preseason/draft cut window proxy,,,2018 proxy stress-test context,120,45,,63,backup/fringe QB in 1QB format,"PROXY ONLY. Use for stress testing/backtesting shape, never as historical truth."
2018,Phil Dawson,proxy_2018_018,K,CLE,43,PROXY_DROP,PROXY_ONLY,Synthetic proxy generated from era-plausible veteran roster-bubble universe; not an observed LVE cut.,,,,2018 preseason/draft cut window proxy,,,2018 proxy stress-test context,54,12,,67,replaceable position in keeper format; low prior-year proxy production,"PROXY ONLY. Use for stress testing/backtesting shape, never as historical truth."
2018,Pittsburgh Steelers DEF,proxy_2018_012,DEF,PIT,,PROXY_DROP,PROXY_ONLY,Synthetic proxy generated from era-plausible veteran roster-bubble universe; not an observed LVE cut.,,,,2018 preseason/draft cut window proxy,,,2018 proxy stress-test context,18,22,,70,replaceable position in keeper format; low prior-year proxy production,"PROXY ONLY. Use for stress testing/backtesting shape, never as historical truth."
2018,Randall Cobb,proxy_2018_001,WR,GB,28,PROXY_DROP,PROXY_ONLY,Synthetic proxy generated from era-plausible veteran roster-bubble universe; not an observed LVE cut.,,,,2018 preseason/draft cut window proxy,,,2018 proxy stress-test context,46,63,,54,low prior-year proxy production,"PROXY ONLY. Use for stress testing/backtesting shape, never as historical truth."
2018,Rishard Matthews,proxy_2018_002,WR,TEN,28,PROXY_DROP,PROXY_ONLY,Synthetic proxy generated from era-plausible veteran roster-bubble universe; not an observed LVE cut.,,,,2018 preseason/draft cut window proxy,,,2018 proxy stress-test context,155,66,,47,bench bubble profile under 10-team keeper constraints,"PROXY ONLY. Use for stress testing/backtesting shape, never as historical truth."
2018,Rob Kelley,proxy_2018_036,RB,WAS,26,PROXY_DROP,PROXY_ONLY,Synthetic proxy generated from era-plausible veteran roster-bubble universe; not an observed LVE cut.,,,,2018 preseason/draft cut window proxy,,,2018 proxy stress-test context,141,68,,56,bench bubble profile under 10-team keeper constraints,"PROXY ONLY. Use for stress testing/backtesting shape, never as historical truth."
2018,Robbie Gould,proxy_2018_019,K,CHI,36,PROXY_DROP,PROXY_ONLY,Synthetic proxy generated from era-plausible veteran roster-bubble universe; not an observed LVE cut.,,,,2018 preseason/draft cut window proxy,,,2018 proxy stress-test context,43,15,,68,replaceable position in keeper format; low prior-year proxy production,"PROXY ONLY. Use for stress testing/backtesting shape, never as historical truth."
2018,Ryan Fitzpatrick,proxy_2018_028,QB,BUF,36,PROXY_DROP,PROXY_ONLY,Synthetic proxy generated from era-plausible veteran roster-bubble universe; not an observed LVE cut.,,,,2018 preseason/draft cut window proxy,,,2018 proxy stress-test context,109,20,,63,backup/fringe QB in 1QB format,"PROXY ONLY. Use for stress testing/backtesting shape, never as historical truth."
2018,Sam Bradford,proxy_2018_029,QB,STL,31,PROXY_DROP,PROXY_ONLY,Synthetic proxy generated from era-plausible veteran roster-bubble universe; not an observed LVE cut.,,,,2018 preseason/draft cut window proxy,,,2018 proxy stress-test context,98,23,,56,backup/fringe QB in 1QB format,"PROXY ONLY. Use for stress testing/backtesting shape, never as historical truth."
2018,Sebastian Janikowski,proxy_2018_020,K,OAK,40,PROXY_DROP,PROXY_ONLY,Synthetic proxy generated from era-plausible veteran roster-bubble universe; not an observed LVE cut.,,,,2018 preseason/draft cut window proxy,,,2018 proxy stress-test context,32,18,,70,replaceable position in keeper format; low prior-year proxy production,"PROXY ONLY. Use for stress testing/backtesting shape, never as historical truth."
2018,Stephen Gostkowski,proxy_2018_021,K,NE,34,PROXY_DROP,PROXY_ONLY,Synthetic proxy generated from era-plausible veteran roster-bubble universe; not an observed LVE cut.,,,,2018 preseason/draft cut window proxy,,,2018 proxy stress-test context,21,21,,71,replaceable position in keeper format; low prior-year proxy production,"PROXY ONLY. Use for stress testing/backtesting shape, never as historical truth."
2018,Terrelle Pryor,proxy_2018_003,WR,WAS,29,PROXY_DROP,PROXY_ONLY,Synthetic proxy generated from era-plausible veteran roster-bubble universe; not an observed LVE cut.,,,,2018 preseason/draft cut window proxy,,,2018 proxy stress-test context,144,69,,48,bench bubble profile under 10-team keeper constraints,"PROXY ONLY. Use for stress testing/backtesting shape, never as historical truth."
2018,Theo Riddick,proxy_2018_037,RB,DET,27,PROXY_DROP,PROXY_ONLY,Synthetic proxy generated from era-plausible veteran roster-bubble universe; not an observed LVE cut.,,,,2018 preseason/draft cut window proxy,,,2018 proxy stress-test context,130,43,,47,bench bubble profile under 10-team keeper constraints,"PROXY ONLY. Use for stress testing/backtesting shape, never as historical truth."
2018,Thomas Rawls,proxy_2018_038,RB,SEA,25,PROXY_DROP,PROXY_ONLY,Synthetic proxy generated from era-plausible veteran roster-bubble universe; not an observed LVE cut.,,,,2018 preseason/draft cut window proxy,,,2018 proxy stress-test context,119,46,,49,bench bubble profile under 10-team keeper constraints,"PROXY ONLY. Use for stress testing/backtesting shape, never as historical truth."
2018,Torrey Smith,proxy_2018_004,WR,BAL,29,PROXY_DROP,PROXY_ONLY,Synthetic proxy generated from era-plausible veteran roster-bubble universe; not an observed LVE cut.,,,,2018 preseason/draft cut window proxy,,,2018 proxy stress-test context,133,72,,50,bench bubble profile under 10-team keeper constraints,"PROXY ONLY. Use for stress testing/backtesting shape, never as historical truth."
2019,Alfred Morris,proxy_2019_012,RB,WAS,31,PROXY_DROP,PROXY_ONLY,Synthetic proxy generated from era-plausible veteran roster-bubble universe; not an observed LVE cut.,,,,2019 preseason/draft cut window proxy,,,2019 proxy stress-test context,44,53,,68,age/decline pressure; low prior-year proxy production,"PROXY ONLY. Use for stress testing/backtesting shape, never as historical truth."
2019,Allen Hurns,proxy_2019_026,WR,JAC,28,PROXY_DROP,PROXY_ONLY,Synthetic proxy generated from era-plausible veteran roster-bubble universe; not an observed LVE cut.,,,,2019 preseason/draft cut window proxy,,,2019 proxy stress-test context,130,83,,55,bench bubble profile under 10-team keeper constraints,"PROXY ONLY. Use for stress testing/backtesting shape, never as historical truth."
2019,Andy Dalton,proxy_2019_004,QB,CIN,32,PROXY_DROP,PROXY_ONLY,Synthetic proxy generated from era-plausible veteran roster-bubble universe; not an observed LVE cut.,,,,2019 preseason/draft cut window proxy,,,2019 proxy stress-test context,132,33,,57,backup/fringe QB in 1QB format,"PROXY ONLY. Use for stress testing/backtesting shape, never as historical truth."
2019,Baltimore Ravens DEF,proxy_2019_040,DEF,BAL,,PROXY_DROP,PROXY_ONLY,Synthetic proxy generated from era-plausible veteran roster-bubble universe; not an observed LVE cut.,,,,2019 preseason/draft cut window proxy,,,2019 proxy stress-test context,51,23,,70,replaceable position in keeper format; low prior-year proxy production,"PROXY ONLY. Use for stress testing/backtesting shape, never as historical truth."
2019,Blake Bortles,proxy_2019_005,QB,JAC,27,PROXY_DROP,PROXY_ONLY,Synthetic proxy generated from era-plausible veteran roster-bubble universe; not an observed LVE cut.,,,,2019 preseason/draft cut window proxy,,,2019 proxy stress-test context,121,36,,59,backup/fringe QB in 1QB format,"PROXY ONLY. Use for stress testing/backtesting shape, never as historical truth."
2019,C.J. Anderson,proxy_2019_013,RB,DEN,29,PROXY_DROP,PROXY_ONLY,Synthetic proxy generated from era-plausible veteran roster-bubble universe; not an observed LVE cut.,,,,2019 preseason/draft cut window proxy,,,2019 proxy stress-test context,153,56,,56,age/decline pressure,"PROXY ONLY. Use for stress testing/backtesting shape, never as historical truth."
2019,Cameron Brate,proxy_2019_019,TE,TB,28,PROXY_DROP,PROXY_ONLY,Synthetic proxy generated from era-plausible veteran roster-bubble universe; not an observed LVE cut.,,,,2019 preseason/draft cut window proxy,,,2019 proxy stress-test context,87,20,,52,low prior-year proxy production,"PROXY ONLY. Use for stress testing/backtesting shape, never as historical truth."
2019,Carlos Hyde,proxy_2019_014,RB,HOU,29,PROXY_DROP,PROXY_ONLY,Synthetic proxy generated from era-plausible veteran roster-bubble universe; not an observed LVE cut.,,,,2019 preseason/draft cut window proxy,,,2019 proxy stress-test context,142,59,,58,age/decline pressure,"PROXY ONLY. Use for stress testing/backtesting shape, never as historical truth."
2019,Case Keenum,proxy_2019_006,QB,DEN,31,PROXY_DROP,PROXY_ONLY,Synthetic proxy generated from era-plausible veteran roster-bubble universe; not an observed LVE cut.,,,,2019 preseason/draft cut window proxy,,,2019 proxy stress-test context,110,39,,64,backup/fringe QB in 1QB format,"PROXY ONLY. Use for stress testing/backtesting shape, never as historical truth."
2019,Danny Amendola,proxy_2019_027,WR,MIA,34,PROXY_DROP,PROXY_ONLY,Synthetic proxy generated from era-plausible veteran roster-bubble universe; not an observed LVE cut.,,,,2019 preseason/draft cut window proxy,,,2019 proxy stress-test context,119,58,,58,age/decline pressure,"PROXY ONLY. Use for stress testing/backtesting shape, never as historical truth."
2019,DeSean Jackson,proxy_2019_028,WR,WAS,33,PROXY_DROP,PROXY_ONLY,Synthetic proxy generated from era-plausible veteran roster-bubble universe; not an observed LVE cut.,,,,2019 preseason/draft cut window proxy,,,2019 proxy stress-test context,108,61,,56,age/decline pressure,"PROXY ONLY. Use for stress testing/backtesting shape, never as historical truth."
2019,DeVante Parker,proxy_2019_029,WR,MIA,27,PROXY_DROP,PROXY_ONLY,Synthetic proxy generated from era-plausible veteran roster-bubble universe; not an observed LVE cut.,,,,2019 preseason/draft cut window proxy,,,2019 proxy stress-test context,97,64,,50,bench bubble profile under 10-team keeper constraints,"PROXY ONLY. Use for stress testing/backtesting shape, never as historical truth."
2019,Eric Ebron,proxy_2019_020,TE,DET,28,PROXY_DROP,PROXY_ONLY,Synthetic proxy generated from era-plausible veteran roster-bubble universe; not an observed LVE cut.,,,,2019 preseason/draft cut window proxy,,,2019 proxy stress-test context,76,23,,58,low prior-year proxy production,"PROXY ONLY. Use for stress testing/backtesting shape, never as historical truth."
2019,Golden Tate,proxy_2019_030,WR,DET,31,PROXY_DROP,PROXY_ONLY,Synthetic proxy generated from era-plausible veteran roster-bubble universe; not an observed LVE cut.,,,,2019 preseason/draft cut window proxy,,,2019 proxy stress-test context,86,67,,55,age/decline pressure; low prior-year proxy production,"PROXY ONLY. Use for stress testing/backtesting shape, never as historical truth."
2019,Greg Olsen,proxy_2019_021,TE,CAR,34,PROXY_DROP,PROXY_ONLY,Synthetic proxy generated from era-plausible veteran roster-bubble universe; not an observed LVE cut.,,,,2019 preseason/draft cut window proxy,,,2019 proxy stress-test context,65,26,,68,age/decline pressure; low prior-year proxy production,"PROXY ONLY. Use for stress testing/backtesting shape, never as historical truth."
2019,Jack Doyle,proxy_2019_022,TE,IND,29,PROXY_DROP,PROXY_ONLY,Synthetic proxy generated from era-plausible veteran roster-bubble universe; not an observed LVE cut.,,,,2019 preseason/draft cut window proxy,,,2019 proxy stress-test context,54,29,,61,low prior-year proxy production,"PROXY ONLY. Use for stress testing/backtesting shape, never as historical truth."
2019,Jamison Crowder,proxy_2019_031,WR,WAS,26,PROXY_DROP,PROXY_ONLY,Synthetic proxy generated from era-plausible veteran roster-bubble universe; not an observed LVE cut.,,,,2019 preseason/draft cut window proxy,,,2019 proxy stress-test context,75,70,,58,low prior-year proxy production,"PROXY ONLY. Use for stress testing/backtesting shape, never as historical truth."
2019,Jared Cook,proxy_2019_023,TE,TEN,32,PROXY_DROP,PROXY_ONLY,Synthetic proxy generated from era-plausible veteran roster-bubble universe; not an observed LVE cut.,,,,2019 preseason/draft cut window proxy,,,2019 proxy stress-test context,43,32,,67,age/decline pressure; low prior-year proxy production,"PROXY ONLY. Use for stress testing/backtesting shape, never as historical truth."
2019,Jay Ajayi,proxy_2019_015,RB,PHI,26,PROXY_DROP,PROXY_ONLY,Synthetic proxy generated from era-plausible veteran roster-bubble universe; not an observed LVE cut.,,,,2019 preseason/draft cut window proxy,,,2019 proxy stress-test context,131,62,,53,bench bubble profile under 10-team keeper constraints,"PROXY ONLY. Use for stress testing/backtesting shape, never as historical truth."
2019,Jimmy Graham,proxy_2019_024,TE,SEA,32,PROXY_DROP,PROXY_ONLY,Synthetic proxy generated from era-plausible veteran roster-bubble universe; not an observed LVE cut.,,,,2019 preseason/draft cut window proxy,,,2019 proxy stress-test context,152,35,,59,age/decline pressure,"PROXY ONLY. Use for stress testing/backtesting shape, never as historical truth."
2019,Joe Flacco,proxy_2019_007,QB,BAL,34,PROXY_DROP,PROXY_ONLY,Synthetic proxy generated from era-plausible veteran roster-bubble universe; not an observed LVE cut.,,,,2019 preseason/draft cut window proxy,,,2019 proxy stress-test context,99,42,,70,backup/fringe QB in 1QB format,"PROXY ONLY. Use for stress testing/backtesting shape, never as historical truth."
2019,Jordan Matthews,proxy_2019_032,WR,PHI,27,PROXY_DROP,PROXY_ONLY,Synthetic proxy generated from era-plausible veteran roster-bubble universe; not an observed LVE cut.,,,,2019 preseason/draft cut window proxy,,,2019 proxy stress-test context,64,73,,59,low prior-year proxy production,"PROXY ONLY. Use for stress testing/backtesting shape, never as historical truth."
2019,Kenny Stills,proxy_2019_033,WR,HOU,27,PROXY_DROP,PROXY_ONLY,Synthetic proxy generated from era-plausible veteran roster-bubble universe; not an observed LVE cut.,,,,2019 preseason/draft cut window proxy,,,2019 proxy stress-test context,53,76,,61,low prior-year proxy production,"PROXY ONLY. Use for stress testing/backtesting shape, never as historical truth."
2019,Lamar Miller,proxy_2019_016,RB,HOU,28,PROXY_DROP,PROXY_ONLY,Synthetic proxy generated from era-plausible veteran roster-bubble universe; not an observed LVE cut.,,,,2019 preseason/draft cut window proxy,,,2019 proxy stress-test context,120,65,,59,age/decline pressure,"PROXY ONLY. Use for stress testing/backtesting shape, never as historical truth."
2019,Latavius Murray,proxy_2019_017,RB,OAK,29,PROXY_DROP,PROXY_ONLY,Synthetic proxy generated from era-plausible veteran roster-bubble universe; not an observed LVE cut.,,,,2019 preseason/draft cut window proxy,,,2019 proxy stress-test context,109,68,,66,age/decline pressure,"PROXY ONLY. Use for stress testing/backtesting shape, never as historical truth."
2019,Marcus Mariota,proxy_2019_008,QB,TEN,26,PROXY_DROP,PROXY_ONLY,Synthetic proxy generated from era-plausible veteran roster-bubble universe; not an observed LVE cut.,,,,2019 preseason/draft cut window proxy,,,2019 proxy stress-test context,88,45,,67,backup/fringe QB in 1QB format; low prior-year proxy production,"PROXY ONLY. Use for stress testing/backtesting shape, never as historical truth."
2019,Marquise Goodwin,proxy_2019_034,WR,SF,29,PROXY_DROP,PROXY_ONLY,Synthetic proxy generated from era-plausible veteran roster-bubble universe; not an observed LVE cut.,,,,2019 preseason/draft cut window proxy,,,2019 proxy stress-test context,42,79,,62,low prior-year proxy production,"PROXY ONLY. Use for stress testing/backtesting shape, never as historical truth."
2019,Matt Bryant,proxy_2019_001,K,ATL,44,PROXY_DROP,PROXY_ONLY,Synthetic proxy generated from era-plausible veteran roster-bubble universe; not an observed LVE cut.,,,,2019 preseason/draft cut window proxy,,,2019 proxy stress-test context,18,18,,70,replaceable position in keeper format; low prior-year proxy production,"PROXY ONLY. Use for stress testing/backtesting shape, never as historical truth."
2019,Michael Crabtree,proxy_2019_035,WR,SF,32,PROXY_DROP,PROXY_ONLY,Synthetic proxy generated from era-plausible veteran roster-bubble universe; not an observed LVE cut.,,,,2019 preseason/draft cut window proxy,,,2019 proxy stress-test context,151,82,,61,age/decline pressure,"PROXY ONLY. Use for stress testing/backtesting shape, never as historical truth."
2019,Mitchell Trubisky,proxy_2019_009,QB,CHI,25,PROXY_DROP,PROXY_ONLY,Synthetic proxy generated from era-plausible veteran roster-bubble universe; not an observed LVE cut.,,,,2019 preseason/draft cut window proxy,,,2019 proxy stress-test context,77,20,,60,backup/fringe QB in 1QB format; low prior-year proxy production,"PROXY ONLY. Use for stress testing/backtesting shape, never as historical truth."
2019,Mohamed Sanu,proxy_2019_036,WR,ATL,30,PROXY_DROP,PROXY_ONLY,Synthetic proxy generated from era-plausible veteran roster-bubble universe; not an observed LVE cut.,,,,2019 preseason/draft cut window proxy,,,2019 proxy stress-test context,140,85,,58,age/decline pressure,"PROXY ONLY. Use for stress testing/backtesting shape, never as historical truth."
2019,Nelson Agholor,proxy_2019_037,WR,PHI,26,PROXY_DROP,PROXY_ONLY,Synthetic proxy generated from era-plausible veteran roster-bubble universe; not an observed LVE cut.,,,,2019 preseason/draft cut window proxy,,,2019 proxy stress-test context,129,60,,44,bench bubble profile under 10-team keeper constraints,"PROXY ONLY. Use for stress testing/backtesting shape, never as historical truth."
2019,Nick Foles,proxy_2019_010,QB,PHI,30,PROXY_DROP,PROXY_ONLY,Synthetic proxy generated from era-plausible veteran roster-bubble universe; not an observed LVE cut.,,,,2019 preseason/draft cut window proxy,,,2019 proxy stress-test context,66,23,,61,backup/fringe QB in 1QB format; low prior-year proxy production,"PROXY ONLY. Use for stress testing/backtesting shape, never as historical truth."
2019,Paul Richardson,proxy_2019_038,WR,WAS,28,PROXY_DROP,PROXY_ONLY,Synthetic proxy generated from era-plausible veteran roster-bubble universe; not an observed LVE cut.,,,,2019 preseason/draft cut window proxy,,,2019 proxy stress-test context,118,63,,49,bench bubble profile under 10-team keeper constraints,"PROXY ONLY. Use for stress testing/backtesting shape, never as historical truth."
2019,Randall Cobb,proxy_2019_039,WR,GB,29,PROXY_DROP,PROXY_ONLY,Synthetic proxy generated from era-plausible veteran roster-bubble universe; not an observed LVE cut.,,,,2019 preseason/draft cut window proxy,,,2019 proxy stress-test context,107,66,,51,bench bubble profile under 10-team keeper constraints,"PROXY ONLY. Use for stress testing/backtesting shape, never as historical truth."
2019,Robbie Gould,proxy_2019_002,K,CHI,37,PROXY_DROP,PROXY_ONLY,Synthetic proxy generated from era-plausible veteran roster-bubble universe; not an observed LVE cut.,,,,2019 preseason/draft cut window proxy,,,2019 proxy stress-test context,109,21,,66,replaceable position in keeper format,"PROXY ONLY. Use for stress testing/backtesting shape, never as historical truth."
2019,Ryan Fitzpatrick,proxy_2019_011,QB,BUF,37,PROXY_DROP,PROXY_ONLY,Synthetic proxy generated from era-plausible veteran roster-bubble universe; not an observed LVE cut.,,,,2019 preseason/draft cut window proxy,,,2019 proxy stress-test context,55,26,,73,backup/fringe QB in 1QB format; low prior-year proxy production,"PROXY ONLY. Use for stress testing/backtesting shape, never as historical truth."
2019,Stephen Gostkowski,proxy_2019_003,K,NE,35,PROXY_DROP,PROXY_ONLY,Synthetic proxy generated from era-plausible veteran roster-bubble universe; not an observed LVE cut.,,,,2019 preseason/draft cut window proxy,,,2019 proxy stress-test context,98,24,,68,replaceable position in keeper format,"PROXY ONLY. Use for stress testing/backtesting shape, never as historical truth."
2019,Theo Riddick,proxy_2019_018,RB,DET,28,PROXY_DROP,PROXY_ONLY,Synthetic proxy generated from era-plausible veteran roster-bubble universe; not an observed LVE cut.,,,,2019 preseason/draft cut window proxy,,,2019 proxy stress-test context,98,43,,53,age/decline pressure,"PROXY ONLY. Use for stress testing/backtesting shape, never as historical truth."
2019,Vance McDonald,proxy_2019_025,TE,PIT,29,PROXY_DROP,PROXY_ONLY,Synthetic proxy generated from era-plausible veteran roster-bubble universe; not an observed LVE cut.,,,,2019 preseason/draft cut window proxy,,,2019 proxy stress-test context,141,38,,57,bench bubble profile under 10-team keeper constraints,"PROXY ONLY. Use for stress testing/backtesting shape, never as historical truth."
2020,Alfred Morris,proxy_2020_035,RB,WAS,32,PROXY_DROP,PROXY_ONLY,Synthetic proxy generated from era-plausible veteran roster-bubble universe; not an observed LVE cut.,,,,2020 preseason/draft cut window proxy,,,2020 proxy stress-test context,150,67,,68,age/decline pressure,"PROXY ONLY. Use for stress testing/backtesting shape, never as historical truth."
2020,Andy Dalton,proxy_2020_028,QB,CIN,33,PROXY_DROP,PROXY_ONLY,Synthetic proxy generated from era-plausible veteran roster-bubble universe; not an observed LVE cut.,,,,2020 preseason/draft cut window proxy,,,2020 proxy stress-test context,107,22,,58,backup/fringe QB in 1QB format,"PROXY ONLY. Use for stress testing/backtesting shape, never as historical truth."
2020,Baltimore Ravens DEF,proxy_2020_015,DEF,BAL,,PROXY_DROP,PROXY_ONLY,Synthetic proxy generated from era-plausible veteran roster-bubble universe; not an observed LVE cut.,,,,2020 preseason/draft cut window proxy,,,2020 proxy stress-test context,85,33,,70,replaceable position in keeper format; low prior-year proxy production,"PROXY ONLY. Use for stress testing/backtesting shape, never as historical truth."
2020,Cairo Santos,proxy_2020_023,K,KC,29,PROXY_DROP,PROXY_ONLY,Synthetic proxy generated from era-plausible veteran roster-bubble universe; not an observed LVE cut.,,,,2020 preseason/draft cut window proxy,,,2020 proxy stress-test context,18,29,,75,replaceable position in keeper format; low prior-year proxy production,"PROXY ONLY. Use for stress testing/backtesting shape, never as historical truth."
2020,Cameron Brate,proxy_2020_040,TE,TB,29,PROXY_DROP,PROXY_ONLY,Synthetic proxy generated from era-plausible veteran roster-bubble universe; not an observed LVE cut.,,,,2020 preseason/draft cut window proxy,,,2020 proxy stress-test context,95,28,,56,bench bubble profile under 10-team keeper constraints,"PROXY ONLY. Use for stress testing/backtesting shape, never as historical truth."
2020,Carlos Hyde,proxy_2020_036,RB,HOU,30,PROXY_DROP,PROXY_ONLY,Synthetic proxy generated from era-plausible veteran roster-bubble universe; not an observed LVE cut.,,,,2020 preseason/draft cut window proxy,,,2020 proxy stress-test context,139,42,,53,age/decline pressure,"PROXY ONLY. Use for stress testing/backtesting shape, never as historical truth."
2020,Case Keenum,proxy_2020_029,QB,DEN,32,PROXY_DROP,PROXY_ONLY,Synthetic proxy generated from era-plausible veteran roster-bubble universe; not an observed LVE cut.,,,,2020 preseason/draft cut window proxy,,,2020 proxy stress-test context,96,25,,57,backup/fringe QB in 1QB format,"PROXY ONLY. Use for stress testing/backtesting shape, never as historical truth."
2020,Chicago Bears DEF,proxy_2020_016,DEF,CHI,,PROXY_DROP,PROXY_ONLY,Synthetic proxy generated from era-plausible veteran roster-bubble universe; not an observed LVE cut.,,,,2020 preseason/draft cut window proxy,,,2020 proxy stress-test context,74,36,,77,replaceable position in keeper format; low prior-year proxy production,"PROXY ONLY. Use for stress testing/backtesting shape, never as historical truth."
2020,Dan Bailey,proxy_2020_024,K,DAL,33,PROXY_DROP,PROXY_ONLY,Synthetic proxy generated from era-plausible veteran roster-bubble universe; not an observed LVE cut.,,,,2020 preseason/draft cut window proxy,,,2020 proxy stress-test context,106,32,,72,replaceable position in keeper format,"PROXY ONLY. Use for stress testing/backtesting shape, never as historical truth."
2020,Danny Amendola,proxy_2020_005,WR,MIA,35,PROXY_DROP,PROXY_ONLY,Synthetic proxy generated from era-plausible veteran roster-bubble universe; not an observed LVE cut.,,,,2020 preseason/draft cut window proxy,,,2020 proxy stress-test context,120,77,,64,age/decline pressure,"PROXY ONLY. Use for stress testing/backtesting shape, never as historical truth."
2020,DeSean Jackson,proxy_2020_006,WR,WAS,34,PROXY_DROP,PROXY_ONLY,Synthetic proxy generated from era-plausible veteran roster-bubble universe; not an observed LVE cut.,,,,2020 preseason/draft cut window proxy,,,2020 proxy stress-test context,109,80,,68,age/decline pressure,"PROXY ONLY. Use for stress testing/backtesting shape, never as historical truth."
2020,DeVante Parker,proxy_2020_007,WR,MIA,28,PROXY_DROP,PROXY_ONLY,Synthetic proxy generated from era-plausible veteran roster-bubble universe; not an observed LVE cut.,,,,2020 preseason/draft cut window proxy,,,2020 proxy stress-test context,98,83,,59,bench bubble profile under 10-team keeper constraints,"PROXY ONLY. Use for stress testing/backtesting shape, never as historical truth."
2020,Denver Broncos DEF,proxy_2020_017,DEF,DEN,,PROXY_DROP,PROXY_ONLY,Synthetic proxy generated from era-plausible veteran roster-bubble universe; not an observed LVE cut.,,,,2020 preseason/draft cut window proxy,,,2020 proxy stress-test context,63,39,,78,replaceable position in keeper format; low prior-year proxy production,"PROXY ONLY. Use for stress testing/backtesting shape, never as historical truth."
2020,Devonta Freeman,proxy_2020_037,RB,ATL,28,PROXY_DROP,PROXY_ONLY,Synthetic proxy generated from era-plausible veteran roster-bubble universe; not an observed LVE cut.,,,,2020 preseason/draft cut window proxy,,,2020 proxy stress-test context,128,45,,49,age/decline pressure,"PROXY ONLY. Use for stress testing/backtesting shape, never as historical truth."
2020,Golden Tate,proxy_2020_008,WR,DET,32,PROXY_DROP,PROXY_ONLY,Synthetic proxy generated from era-plausible veteran roster-bubble universe; not an observed LVE cut.,,,,2020 preseason/draft cut window proxy,,,2020 proxy stress-test context,87,58,,54,age/decline pressure; low prior-year proxy production,"PROXY ONLY. Use for stress testing/backtesting shape, never as historical truth."
2020,Jack Doyle,proxy_2020_001,TE,IND,30,PROXY_DROP,PROXY_ONLY,Synthetic proxy generated from era-plausible veteran roster-bubble universe; not an observed LVE cut.,,,,2020 preseason/draft cut window proxy,,,2020 proxy stress-test context,44,23,,58,low prior-year proxy production,"PROXY ONLY. Use for stress testing/backtesting shape, never as historical truth."
2020,Jacksonville Jaguars DEF,proxy_2020_018,DEF,JAC,,PROXY_DROP,PROXY_ONLY,Synthetic proxy generated from era-plausible veteran roster-bubble universe; not an observed LVE cut.,,,,2020 preseason/draft cut window proxy,,,2020 proxy stress-test context,52,14,,66,replaceable position in keeper format; low prior-year proxy production,"PROXY ONLY. Use for stress testing/backtesting shape, never as historical truth."
2020,Jamison Crowder,proxy_2020_009,WR,WAS,27,PROXY_DROP,PROXY_ONLY,Synthetic proxy generated from era-plausible veteran roster-bubble universe; not an observed LVE cut.,,,,2020 preseason/draft cut window proxy,,,2020 proxy stress-test context,76,61,,53,low prior-year proxy production,"PROXY ONLY. Use for stress testing/backtesting shape, never as historical truth."
2020,Jared Cook,proxy_2020_002,TE,TEN,33,PROXY_DROP,PROXY_ONLY,Synthetic proxy generated from era-plausible veteran roster-bubble universe; not an observed LVE cut.,,,,2020 preseason/draft cut window proxy,,,2020 proxy stress-test context,153,26,,57,age/decline pressure,"PROXY ONLY. Use for stress testing/backtesting shape, never as historical truth."
2020,Jimmy Graham,proxy_2020_003,TE,SEA,33,PROXY_DROP,PROXY_ONLY,Synthetic proxy generated from era-plausible veteran roster-bubble universe; not an observed LVE cut.,,,,2020 preseason/draft cut window proxy,,,2020 proxy stress-test context,142,29,,58,age/decline pressure,"PROXY ONLY. Use for stress testing/backtesting shape, never as historical truth."
2020,Joe Flacco,proxy_2020_030,QB,BAL,35,PROXY_DROP,PROXY_ONLY,Synthetic proxy generated from era-plausible veteran roster-bubble universe; not an observed LVE cut.,,,,2020 preseason/draft cut window proxy,,,2020 proxy stress-test context,85,28,,65,backup/fringe QB in 1QB format; low prior-year proxy production,"PROXY ONLY. Use for stress testing/backtesting shape, never as historical truth."
2020,Kenny Stills,proxy_2020_010,WR,HOU,28,PROXY_DROP,PROXY_ONLY,Synthetic proxy generated from era-plausible veteran roster-bubble universe; not an observed LVE cut.,,,,2020 preseason/draft cut window proxy,,,2020 proxy stress-test context,65,64,,55,low prior-year proxy production,"PROXY ONLY. Use for stress testing/backtesting shape, never as historical truth."
2020,Lamar Miller,proxy_2020_038,RB,HOU,29,PROXY_DROP,PROXY_ONLY,Synthetic proxy generated from era-plausible veteran roster-bubble universe; not an observed LVE cut.,,,,2020 preseason/draft cut window proxy,,,2020 proxy stress-test context,117,48,,56,age/decline pressure,"PROXY ONLY. Use for stress testing/backtesting shape, never as historical truth."
2020,Latavius Murray,proxy_2020_039,RB,OAK,30,PROXY_DROP,PROXY_ONLY,Synthetic proxy generated from era-plausible veteran roster-bubble universe; not an observed LVE cut.,,,,2020 preseason/draft cut window proxy,,,2020 proxy stress-test context,106,51,,60,age/decline pressure,"PROXY ONLY. Use for stress testing/backtesting shape, never as historical truth."
2020,Los Angeles Rams DEF,proxy_2020_019,DEF,LAR,,PROXY_DROP,PROXY_ONLY,Synthetic proxy generated from era-plausible veteran roster-bubble universe; not an observed LVE cut.,,,,2020 preseason/draft cut window proxy,,,2020 proxy stress-test context,41,17,,67,replaceable position in keeper format; low prior-year proxy production,"PROXY ONLY. Use for stress testing/backtesting shape, never as historical truth."
2020,Marcus Mariota,proxy_2020_031,QB,TEN,27,PROXY_DROP,PROXY_ONLY,Synthetic proxy generated from era-plausible veteran roster-bubble universe; not an observed LVE cut.,,,,2020 preseason/draft cut window proxy,,,2020 proxy stress-test context,74,31,,65,backup/fringe QB in 1QB format; low prior-year proxy production,"PROXY ONLY. Use for stress testing/backtesting shape, never as historical truth."
2020,Marquise Goodwin,proxy_2020_011,WR,SF,30,PROXY_DROP,PROXY_ONLY,Synthetic proxy generated from era-plausible veteran roster-bubble universe; not an observed LVE cut.,,,,2020 preseason/draft cut window proxy,,,2020 proxy stress-test context,54,67,,58,age/decline pressure; low prior-year proxy production,"PROXY ONLY. Use for stress testing/backtesting shape, never as historical truth."
2020,Mason Crosby,proxy_2020_025,K,GB,36,PROXY_DROP,PROXY_ONLY,Synthetic proxy generated from era-plausible veteran roster-bubble universe; not an observed LVE cut.,,,,2020 preseason/draft cut window proxy,,,2020 proxy stress-test context,95,35,,73,replaceable position in keeper format,"PROXY ONLY. Use for stress testing/backtesting shape, never as historical truth."
2020,Minnesota Vikings DEF,proxy_2020_020,DEF,MIN,,PROXY_DROP,PROXY_ONLY,Synthetic proxy generated from era-plausible veteran roster-bubble universe; not an observed LVE cut.,,,,2020 preseason/draft cut window proxy,,,2020 proxy stress-test context,30,20,,69,replaceable position in keeper format; low prior-year proxy production,"PROXY ONLY. Use for stress testing/backtesting shape, never as historical truth."
2020,Mitchell Trubisky,proxy_2020_032,QB,CHI,26,PROXY_DROP,PROXY_ONLY,Synthetic proxy generated from era-plausible veteran roster-bubble universe; not an observed LVE cut.,,,,2020 preseason/draft cut window proxy,,,2020 proxy stress-test context,63,34,,67,backup/fringe QB in 1QB format; low prior-year proxy production,"PROXY ONLY. Use for stress testing/backtesting shape, never as historical truth."
2020,Mohamed Sanu,proxy_2020_012,WR,ATL,31,PROXY_DROP,PROXY_ONLY,Synthetic proxy generated from era-plausible veteran roster-bubble universe; not an observed LVE cut.,,,,2020 preseason/draft cut window proxy,,,2020 proxy stress-test context,43,70,,62,age/decline pressure; low prior-year proxy production,"PROXY ONLY. Use for stress testing/backtesting shape, never as historical truth."
2020,Nelson Agholor,proxy_2020_013,WR,PHI,27,PROXY_DROP,PROXY_ONLY,Synthetic proxy generated from era-plausible veteran roster-bubble universe; not an observed LVE cut.,,,,2020 preseason/draft cut window proxy,,,2020 proxy stress-test context,152,73,,50,bench bubble profile under 10-team keeper constraints,"PROXY ONLY. Use for stress testing/backtesting shape, never as historical truth."
2020,New York Jets DEF,proxy_2020_021,DEF,NYJ,,PROXY_DROP,PROXY_ONLY,Synthetic proxy generated from era-plausible veteran roster-bubble universe; not an observed LVE cut.,,,,2020 preseason/draft cut window proxy,,,2020 proxy stress-test context,19,23,,70,replaceable position in keeper format; low prior-year proxy production,"PROXY ONLY. Use for stress testing/backtesting shape, never as historical truth."
2020,Nick Foles,proxy_2020_033,QB,PHI,31,PROXY_DROP,PROXY_ONLY,Synthetic proxy generated from era-plausible veteran roster-bubble universe; not an observed LVE cut.,,,,2020 preseason/draft cut window proxy,,,2020 proxy stress-test context,52,37,,68,backup/fringe QB in 1QB format; low prior-year proxy production,"PROXY ONLY. Use for stress testing/backtesting shape, never as historical truth."
2020,Pittsburgh Steelers DEF,proxy_2020_022,DEF,PIT,,PROXY_DROP,PROXY_ONLY,Synthetic proxy generated from era-plausible veteran roster-bubble universe; not an observed LVE cut.,,,,2020 preseason/draft cut window proxy,,,2020 proxy stress-test context,18,26,,72,replaceable position in keeper format; low prior-year proxy production,"PROXY ONLY. Use for stress testing/backtesting shape, never as historical truth."
2020,Randall Cobb,proxy_2020_014,WR,GB,30,PROXY_DROP,PROXY_ONLY,Synthetic proxy generated from era-plausible veteran roster-bubble universe; not an observed LVE cut.,,,,2020 preseason/draft cut window proxy,,,2020 proxy stress-test context,141,76,,54,age/decline pressure,"PROXY ONLY. Use for stress testing/backtesting shape, never as historical truth."
2020,Robbie Gould,proxy_2020_026,K,CHI,38,PROXY_DROP,PROXY_ONLY,Synthetic proxy generated from era-plausible veteran roster-bubble universe; not an observed LVE cut.,,,,2020 preseason/draft cut window proxy,,,2020 proxy stress-test context,84,38,,75,replaceable position in keeper format; low prior-year proxy production,"PROXY ONLY. Use for stress testing/backtesting shape, never as historical truth."
2020,Ryan Fitzpatrick,proxy_2020_034,QB,BUF,38,PROXY_DROP,PROXY_ONLY,Synthetic proxy generated from era-plausible veteran roster-bubble universe; not an observed LVE cut.,,,,2020 preseason/draft cut window proxy,,,2020 proxy stress-test context,41,40,,82,backup/fringe QB in 1QB format; low prior-year proxy production,"PROXY ONLY. Use for stress testing/backtesting shape, never as historical truth."
2020,Stephen Gostkowski,proxy_2020_027,K,NE,36,PROXY_DROP,PROXY_ONLY,Synthetic proxy generated from era-plausible veteran roster-bubble universe; not an observed LVE cut.,,,,2020 preseason/draft cut window proxy,,,2020 proxy stress-test context,73,13,,67,replaceable position in keeper format; low prior-year proxy production,"PROXY ONLY. Use for stress testing/backtesting shape, never as historical truth."
2020,Vance McDonald,proxy_2020_004,TE,PIT,30,PROXY_DROP,PROXY_ONLY,Synthetic proxy generated from era-plausible veteran roster-bubble universe; not an observed LVE cut.,,,,2020 preseason/draft cut window proxy,,,2020 proxy stress-test context,131,32,,54,bench bubble profile under 10-team keeper constraints,"PROXY ONLY. Use for stress testing/backtesting shape, never as historical truth."
2021,A.J. Green,proxy_2021_019,WR,ARI,33,PROXY_DROP,PROXY_ONLY,No 2021 league cut/drop evidence found; generated proxy pool.,,,,2021 preseason/draft cut window proxy,,,2021 proxy stress-test context; no actual 2021 LVE cut/drop evidence found,96,69,,60,older declining WR; low ceiling in keeper format,"Synthetic 2021 proxy-only row. Use only for sensitivity testing, stress testing, robustness checks, and gap analysis; never as historical truth, direct training truth, rank penalty, bad-cut proof, actual-drop evidence, or source-truth label."
2021,Andy Dalton,proxy_2021_004,QB,CHI,34,PROXY_DROP,PROXY_ONLY,No 2021 league cut/drop evidence found; generated proxy pool.,,,,2021 preseason/draft cut window proxy,,,2021 proxy stress-test context; no actual 2021 LVE cut/drop evidence found,82,32,,65,backup/fringe QB in 1QB format; uncertain starter status,"Synthetic 2021 proxy-only row. Use only for sensitivity testing, stress testing, robustness checks, and gap analysis; never as historical truth, direct training truth, rank penalty, bad-cut proof, actual-drop evidence, or source-truth label."
2021,Austin Hooper,proxy_2021_034,TE,CLE,27,PROXY_DROP,PROXY_ONLY,No 2021 league cut/drop evidence found; generated proxy pool.,,,,2021 preseason/draft cut window proxy,,,2021 proxy stress-test context; no actual 2021 LVE cut/drop evidence found,68,25,,59,fringe TE; low ceiling in keeper format,"Synthetic 2021 proxy-only row. Use only for sensitivity testing, stress testing, robustness checks, and gap analysis; never as historical truth, direct training truth, rank penalty, bad-cut proof, actual-drop evidence, or source-truth label."
2021,Ben Roethlisberger,proxy_2021_001,QB,PIT,39,PROXY_DROP,PROXY_ONLY,No 2021 league cut/drop evidence found; generated proxy pool.,,,,2021 preseason/draft cut window proxy,,,2021 proxy stress-test context; no actual 2021 LVE cut/drop evidence found,104,28,,69,backup/fringe QB in 1QB format; age/decline pressure; uncertain role window,"Synthetic 2021 proxy-only row. Use only for sensitivity testing, stress testing, robustness checks, and gap analysis; never as historical truth, direct training truth, rank penalty, bad-cut proof, actual-drop evidence, or source-truth label."
2021,Cam Newton,proxy_2021_003,QB,CAR,32,PROXY_DROP,PROXY_ONLY,No 2021 league cut/drop evidence found; generated proxy pool.,,,,2021 preseason/draft cut window proxy,,,2021 proxy stress-test context; no actual 2021 LVE cut/drop evidence found,91,27,,58,backup/fringe QB in 1QB format; uncertain role; declining passing profile,"Synthetic 2021 proxy-only row. Use only for sensitivity testing, stress testing, robustness checks, and gap analysis; never as historical truth, direct training truth, rank penalty, bad-cut proof, actual-drop evidence, or source-truth label."
2021,Chicago Bears DEF,proxy_2021_039,DEF,CHI,,PROXY_DROP,PROXY_ONLY,No 2021 league cut/drop evidence found; generated proxy pool.,,,,2021 preseason/draft cut window proxy,,,2021 proxy stress-test context; no actual 2021 LVE cut/drop evidence found,76,16,,69,replaceable position in keeper format,"Synthetic 2021 proxy-only row. Use only for sensitivity testing, stress testing, robustness checks, and gap analysis; never as historical truth, direct training truth, rank penalty, bad-cut proof, actual-drop evidence, or source-truth label."
2021,Dan Arnold,proxy_2021_035,TE,JAX,26,PROXY_DROP,PROXY_ONLY,No 2021 league cut/drop evidence found; generated proxy pool.,,,,2021 preseason/draft cut window proxy,,,2021 proxy stress-test context; no actual 2021 LVE cut/drop evidence found,52,31,,62,fringe TE; uncertain role; low prior-year proxy production,"Synthetic 2021 proxy-only row. Use only for sensitivity testing, stress testing, robustness checks, and gap analysis; never as historical truth, direct training truth, rank penalty, bad-cut proof, actual-drop evidence, or source-truth label."
2021,David Johnson,proxy_2021_010,RB,HOU,30,PROXY_DROP,PROXY_ONLY,No 2021 league cut/drop evidence found; generated proxy pool.,,,,2021 preseason/draft cut window proxy,,,2021 proxy stress-test context; no actual 2021 LVE cut/drop evidence found,73,51,,65,older declining RB; role/efficiency pressure,"Synthetic 2021 proxy-only row. Use only for sensitivity testing, stress testing, robustness checks, and gap analysis; never as historical truth, direct training truth, rank penalty, bad-cut proof, actual-drop evidence, or source-truth label."
2021,Dede Westbrook,proxy_2021_029,WR,MIN,28,PROXY_DROP,PROXY_ONLY,No 2021 league cut/drop evidence found; generated proxy pool.,,,,2021 preseason/draft cut window proxy,,,2021 proxy stress-test context; no actual 2021 LVE cut/drop evidence found,30,104,,75,uncertain role; low prior-year proxy production,"Synthetic 2021 proxy-only row. Use only for sensitivity testing, stress testing, robustness checks, and gap analysis; never as historical truth, direct training truth, rank penalty, bad-cut proof, actual-drop evidence, or source-truth label."
2021,Devonta Freeman,proxy_2021_011,RB,BAL,29,PROXY_DROP,PROXY_ONLY,No 2021 league cut/drop evidence found; generated proxy pool.,,,,2021 preseason/draft cut window proxy,,,2021 proxy stress-test context; no actual 2021 LVE cut/drop evidence found,67,55,,65,older declining RB; uncertain role; low prior-year proxy production,"Synthetic 2021 proxy-only row. Use only for sensitivity testing, stress testing, robustness checks, and gap analysis; never as historical truth, direct training truth, rank penalty, bad-cut proof, actual-drop evidence, or source-truth label."
2021,Emmanuel Sanders,proxy_2021_021,WR,BUF,34,PROXY_DROP,PROXY_ONLY,No 2021 league cut/drop evidence found; generated proxy pool.,,,,2021 preseason/draft cut window proxy,,,2021 proxy stress-test context; no actual 2021 LVE cut/drop evidence found,82,72,,64,older declining WR; uncertain keeper value,"Synthetic 2021 proxy-only row. Use only for sensitivity testing, stress testing, robustness checks, and gap analysis; never as historical truth, direct training truth, rank penalty, bad-cut proof, actual-drop evidence, or source-truth label."
2021,Eric Ebron,proxy_2021_032,TE,PIT,28,PROXY_DROP,PROXY_ONLY,No 2021 league cut/drop evidence found; generated proxy pool.,,,,2021 preseason/draft cut window proxy,,,2021 proxy stress-test context; no actual 2021 LVE cut/drop evidence found,48,29,,61,fringe TE; uncertain role; low prior-year proxy production,"Synthetic 2021 proxy-only row. Use only for sensitivity testing, stress testing, robustness checks, and gap analysis; never as historical truth, direct training truth, rank penalty, bad-cut proof, actual-drop evidence, or source-truth label."
2021,Golden Tate,proxy_2021_022,WR,FA,33,PROXY_DROP,PROXY_ONLY,No 2021 league cut/drop evidence found; generated proxy pool.,,,,2021 preseason/draft cut window proxy,,,2021 proxy stress-test context; no actual 2021 LVE cut/drop evidence found,48,91,,76,older declining WR; uncertain role; low prior-year proxy production,"Synthetic 2021 proxy-only row. Use only for sensitivity testing, stress testing, robustness checks, and gap analysis; never as historical truth, direct training truth, rank penalty, bad-cut proof, actual-drop evidence, or source-truth label."
2021,Jalen Reagor,proxy_2021_028,WR,PHI,22,PROXY_DROP,PROXY_ONLY,No 2021 league cut/drop evidence found; generated proxy pool.,,,,2021 preseason/draft cut window proxy,,,2021 proxy stress-test context; no actual 2021 LVE cut/drop evidence found,55,90,,68,low production / uncertain role; young but bench bubble,"Synthetic 2021 proxy-only row. Use only for sensitivity testing, stress testing, robustness checks, and gap analysis; never as historical truth, direct training truth, rank penalty, bad-cut proof, actual-drop evidence, or source-truth label."
2021,Jameis Winston,proxy_2021_005,QB,NO,27,PROXY_DROP,PROXY_ONLY,No 2021 league cut/drop evidence found; generated proxy pool.,,,,2021 preseason/draft cut window proxy,,,2021 proxy stress-test context; no actual 2021 LVE cut/drop evidence found,88,30,,60,backup/fringe QB in 1QB format; role uncertainty after injury/transition,"Synthetic 2021 proxy-only row. Use only for sensitivity testing, stress testing, robustness checks, and gap analysis; never as historical truth, direct training truth, rank penalty, bad-cut proof, actual-drop evidence, or source-truth label."
2021,James White,proxy_2021_018,RB,NE,29,PROXY_DROP,PROXY_ONLY,No 2021 league cut/drop evidence found; generated proxy pool.,,,,2021 preseason/draft cut window proxy,,,2021 proxy stress-test context; no actual 2021 LVE cut/drop evidence found,63,60,,67,role/specialist concern in non-PPR keeper format,"Synthetic 2021 proxy-only row. Use only for sensitivity testing, stress testing, robustness checks, and gap analysis; never as historical truth, direct training truth, rank penalty, bad-cut proof, actual-drop evidence, or source-truth label."
2021,Jamison Crowder,proxy_2021_024,WR,NYJ,28,PROXY_DROP,PROXY_ONLY,No 2021 league cut/drop evidence found; generated proxy pool.,,,,2021 preseason/draft cut window proxy,,,2021 proxy stress-test context; no actual 2021 LVE cut/drop evidence found,79,78,,62,slot-only/role uncertainty; low ceiling in keeper format,"Synthetic 2021 proxy-only row. Use only for sensitivity testing, stress testing, robustness checks, and gap analysis; never as historical truth, direct training truth, rank penalty, bad-cut proof, actual-drop evidence, or source-truth label."
2021,Jared Cook,proxy_2021_031,TE,LAC,34,PROXY_DROP,PROXY_ONLY,No 2021 league cut/drop evidence found; generated proxy pool.,,,,2021 preseason/draft cut window proxy,,,2021 proxy stress-test context; no actual 2021 LVE cut/drop evidence found,82,20,,60,fringe TE; age/decline pressure,"Synthetic 2021 proxy-only row. Use only for sensitivity testing, stress testing, robustness checks, and gap analysis; never as historical truth, direct training truth, rank penalty, bad-cut proof, actual-drop evidence, or source-truth label."
2021,Jimmy Graham,proxy_2021_030,TE,CHI,35,PROXY_DROP,PROXY_ONLY,No 2021 league cut/drop evidence found; generated proxy pool.,,,,2021 preseason/draft cut window proxy,,,2021 proxy stress-test context; no actual 2021 LVE cut/drop evidence found,56,24,,69,fringe TE; age/decline pressure; touchdown-dependent profile,"Synthetic 2021 proxy-only row. Use only for sensitivity testing, stress testing, robustness checks, and gap analysis; never as historical truth, direct training truth, rank penalty, bad-cut proof, actual-drop evidence, or source-truth label."
2021,John Brown,proxy_2021_026,WR,TB,31,PROXY_DROP,PROXY_ONLY,No 2021 league cut/drop evidence found; generated proxy pool.,,,,2021 preseason/draft cut window proxy,,,2021 proxy stress-test context; no actual 2021 LVE cut/drop evidence found,36,98,,76,older declining WR; uncertain role; low prior-year proxy production,"Synthetic 2021 proxy-only row. Use only for sensitivity testing, stress testing, robustness checks, and gap analysis; never as historical truth, direct training truth, rank penalty, bad-cut proof, actual-drop evidence, or source-truth label."
2021,Kyle Rudolph,proxy_2021_033,TE,NYG,32,PROXY_DROP,PROXY_ONLY,No 2021 league cut/drop evidence found; generated proxy pool.,,,,2021 preseason/draft cut window proxy,,,2021 proxy stress-test context; no actual 2021 LVE cut/drop evidence found,37,36,,69,fringe TE; age/decline pressure; low prior-year proxy production,"Synthetic 2021 proxy-only row. Use only for sensitivity testing, stress testing, robustness checks, and gap analysis; never as historical truth, direct training truth, rank penalty, bad-cut proof, actual-drop evidence, or source-truth label."
2021,Latavius Murray,proxy_2021_017,RB,BAL,31,PROXY_DROP,PROXY_ONLY,No 2021 league cut/drop evidence found; generated proxy pool.,,,,2021 preseason/draft cut window proxy,,,2021 proxy stress-test context; no actual 2021 LVE cut/drop evidence found,86,49,,61,older declining RB; touchdown-dependent profile,"Synthetic 2021 proxy-only row. Use only for sensitivity testing, stress testing, robustness checks, and gap analysis; never as historical truth, direct training truth, rank penalty, bad-cut proof, actual-drop evidence, or source-truth label."
2021,Le'Veon Bell,proxy_2021_008,RB,BAL,29,PROXY_DROP,PROXY_ONLY,No 2021 league cut/drop evidence found; generated proxy pool.,,,,2021 preseason/draft cut window proxy,,,2021 proxy stress-test context; no actual 2021 LVE cut/drop evidence found,44,71,,73,older declining RB; uncertain role; low prior-year proxy production,"Synthetic 2021 proxy-only row. Use only for sensitivity testing, stress testing, robustness checks, and gap analysis; never as historical truth, direct training truth, rank penalty, bad-cut proof, actual-drop evidence, or source-truth label."
2021,Mark Ingram,proxy_2021_009,RB,NO,32,PROXY_DROP,PROXY_ONLY,No 2021 league cut/drop evidence found; generated proxy pool.,,,,2021 preseason/draft cut window proxy,,,2021 proxy stress-test context; no actual 2021 LVE cut/drop evidence found,59,58,,72,older declining RB; committee role; low prior-year proxy production,"Synthetic 2021 proxy-only row. Use only for sensitivity testing, stress testing, robustness checks, and gap analysis; never as historical truth, direct training truth, rank penalty, bad-cut proof, actual-drop evidence, or source-truth label."
2021,Marlon Mack,proxy_2021_014,RB,IND,25,PROXY_DROP,PROXY_ONLY,No 2021 league cut/drop evidence found; generated proxy pool.,,,,2021 preseason/draft cut window proxy,,,2021 proxy stress-test context; no actual 2021 LVE cut/drop evidence found,24,82,,72,post-injury/role uncertainty; low prior-year proxy production,"Synthetic 2021 proxy-only row. Use only for sensitivity testing, stress testing, robustness checks, and gap analysis; never as historical truth, direct training truth, rank penalty, bad-cut proof, actual-drop evidence, or source-truth label."
2021,Mason Crosby,proxy_2021_036,K,GB,37,PROXY_DROP,PROXY_ONLY,No 2021 league cut/drop evidence found; generated proxy pool.,,,,2021 preseason/draft cut window proxy,,,2021 proxy stress-test context; no actual 2021 LVE cut/drop evidence found,91,14,,67,replaceable position in keeper format,"Synthetic 2021 proxy-only row. Use only for sensitivity testing, stress testing, robustness checks, and gap analysis; never as historical truth, direct training truth, rank penalty, bad-cut proof, actual-drop evidence, or source-truth label."
2021,New Orleans Saints DEF,proxy_2021_038,DEF,NO,,PROXY_DROP,PROXY_ONLY,No 2021 league cut/drop evidence found; generated proxy pool.,,,,2021 preseason/draft cut window proxy,,,2021 proxy stress-test context; no actual 2021 LVE cut/drop evidence found,82,14,,63,replaceable position in keeper format,"Synthetic 2021 proxy-only row. Use only for sensitivity testing, stress testing, robustness checks, and gap analysis; never as historical truth, direct training truth, rank penalty, bad-cut proof, actual-drop evidence, or source-truth label."
2021,Phillip Lindsay,proxy_2021_013,RB,MIA,27,PROXY_DROP,PROXY_ONLY,No 2021 league cut/drop evidence found; generated proxy pool.,,,,2021 preseason/draft cut window proxy,,,2021 proxy stress-test context; no actual 2021 LVE cut/drop evidence found,49,69,,68,RB role uncertainty; low prior-year proxy production,"Synthetic 2021 proxy-only row. Use only for sensitivity testing, stress testing, robustness checks, and gap analysis; never as historical truth, direct training truth, rank penalty, bad-cut proof, actual-drop evidence, or source-truth label."
2021,Rashaad Penny,proxy_2021_016,RB,SEA,25,PROXY_DROP,PROXY_ONLY,No 2021 league cut/drop evidence found; generated proxy pool.,,,,2021 preseason/draft cut window proxy,,,2021 proxy stress-test context; no actual 2021 LVE cut/drop evidence found,83,48,,50,injury/role uncertainty; bench-bubble RB,"Synthetic 2021 proxy-only row. Use only for sensitivity testing, stress testing, robustness checks, and gap analysis; never as historical truth, direct training truth, rank penalty, bad-cut proof, actual-drop evidence, or source-truth label."
2021,Robbie Gould,proxy_2021_037,K,SF,39,PROXY_DROP,PROXY_ONLY,No 2021 league cut/drop evidence found; generated proxy pool.,,,,2021 preseason/draft cut window proxy,,,2021 proxy stress-test context; no actual 2021 LVE cut/drop evidence found,77,17,,77,replaceable position in keeper format; age/decline pressure,"Synthetic 2021 proxy-only row. Use only for sensitivity testing, stress testing, robustness checks, and gap analysis; never as historical truth, direct training truth, rank penalty, bad-cut proof, actual-drop evidence, or source-truth label."
2021,Ryan Fitzpatrick,proxy_2021_002,QB,WAS,39,PROXY_DROP,PROXY_ONLY,No 2021 league cut/drop evidence found; generated proxy pool.,,,,2021 preseason/draft cut window proxy,,,2021 proxy stress-test context; no actual 2021 LVE cut/drop evidence found,78,31,,79,backup/fringe QB in 1QB format; age/decline pressure; low prior-year proxy production,"Synthetic 2021 proxy-only row. Use only for sensitivity testing, stress testing, robustness checks, and gap analysis; never as historical truth, direct training truth, rank penalty, bad-cut proof, actual-drop evidence, or source-truth label."
2021,Sammy Watkins,proxy_2021_023,WR,BAL,28,PROXY_DROP,PROXY_ONLY,No 2021 league cut/drop evidence found; generated proxy pool.,,,,2021 preseason/draft cut window proxy,,,2021 proxy stress-test context; no actual 2021 LVE cut/drop evidence found,64,83,,64,low production / uncertain role,"Synthetic 2021 proxy-only row. Use only for sensitivity testing, stress testing, robustness checks, and gap analysis; never as historical truth, direct training truth, rank penalty, bad-cut proof, actual-drop evidence, or source-truth label."
2021,Seattle Seahawks DEF,proxy_2021_040,DEF,SEA,,PROXY_DROP,PROXY_ONLY,No 2021 league cut/drop evidence found; generated proxy pool.,,,,2021 preseason/draft cut window proxy,,,2021 proxy stress-test context; no actual 2021 LVE cut/drop evidence found,69,20,,71,replaceable position in keeper format; low prior-year proxy production,"Synthetic 2021 proxy-only row. Use only for sensitivity testing, stress testing, robustness checks, and gap analysis; never as historical truth, direct training truth, rank penalty, bad-cut proof, actual-drop evidence, or source-truth label."
2021,Sony Michel,proxy_2021_015,RB,LAR,26,PROXY_DROP,PROXY_ONLY,No 2021 league cut/drop evidence found; generated proxy pool.,,,,2021 preseason/draft cut window proxy,,,2021 proxy stress-test context; no actual 2021 LVE cut/drop evidence found,91,46,,49,bench-bubble RB; committee/role uncertainty,"Synthetic 2021 proxy-only row. Use only for sensitivity testing, stress testing, robustness checks, and gap analysis; never as historical truth, direct training truth, rank penalty, bad-cut proof, actual-drop evidence, or source-truth label."
2021,Sterling Shepard,proxy_2021_025,WR,NYG,28,PROXY_DROP,PROXY_ONLY,No 2021 league cut/drop evidence found; generated proxy pool.,,,,2021 preseason/draft cut window proxy,,,2021 proxy stress-test context; no actual 2021 LVE cut/drop evidence found,61,86,,66,injury/role uncertainty; low prior-year proxy production,"Synthetic 2021 proxy-only row. Use only for sensitivity testing, stress testing, robustness checks, and gap analysis; never as historical truth, direct training truth, rank penalty, bad-cut proof, actual-drop evidence, or source-truth label."
2021,T.Y. Hilton,proxy_2021_020,WR,IND,32,PROXY_DROP,PROXY_ONLY,No 2021 league cut/drop evidence found; generated proxy pool.,,,,2021 preseason/draft cut window proxy,,,2021 proxy stress-test context; no actual 2021 LVE cut/drop evidence found,71,76,,67,older declining WR; low prior-year proxy production,"Synthetic 2021 proxy-only row. Use only for sensitivity testing, stress testing, robustness checks, and gap analysis; never as historical truth, direct training truth, rank penalty, bad-cut proof, actual-drop evidence, or source-truth label."
2021,Teddy Bridgewater,proxy_2021_006,QB,DEN,29,PROXY_DROP,PROXY_ONLY,No 2021 league cut/drop evidence found; generated proxy pool.,,,,2021 preseason/draft cut window proxy,,,2021 proxy stress-test context; no actual 2021 LVE cut/drop evidence found,96,29,,59,backup/fringe QB in 1QB format; low ceiling in keeper format,"Synthetic 2021 proxy-only row. Use only for sensitivity testing, stress testing, robustness checks, and gap analysis; never as historical truth, direct training truth, rank penalty, bad-cut proof, actual-drop evidence, or source-truth label."
2021,Tevin Coleman,proxy_2021_012,RB,NYJ,28,PROXY_DROP,PROXY_ONLY,No 2021 league cut/drop evidence found; generated proxy pool.,,,,2021 preseason/draft cut window proxy,,,2021 proxy stress-test context; no actual 2021 LVE cut/drop evidence found,41,77,,74,older declining RB; uncertain role; low prior-year proxy production,"Synthetic 2021 proxy-only row. Use only for sensitivity testing, stress testing, robustness checks, and gap analysis; never as historical truth, direct training truth, rank penalty, bad-cut proof, actual-drop evidence, or source-truth label."
2021,Todd Gurley,proxy_2021_007,RB,FA,27,PROXY_DROP,PROXY_ONLY,No 2021 league cut/drop evidence found; generated proxy pool.,,,,2021 preseason/draft cut window proxy,,,2021 proxy stress-test context; no actual 2021 LVE cut/drop evidence found,52,64,,65,older declining RB; uncertain role; low prior-year proxy production,"Synthetic 2021 proxy-only row. Use only for sensitivity testing, stress testing, robustness checks, and gap analysis; never as historical truth, direct training truth, rank penalty, bad-cut proof, actual-drop evidence, or source-truth label."
2021,Will Fuller,proxy_2021_027,WR,MIA,27,PROXY_DROP,PROXY_ONLY,No 2021 league cut/drop evidence found; generated proxy pool.,,,,2021 preseason/draft cut window proxy,,,2021 proxy stress-test context; no actual 2021 LVE cut/drop evidence found,42,94,,70,availability/role uncertainty; low prior-year proxy production,"Synthetic 2021 proxy-only row. Use only for sensitivity testing, stress testing, robustness checks, and gap analysis; never as historical truth, direct training truth, rank penalty, bad-cut proof, actual-drop evidence, or source-truth label."
